Numero de elementos
28

Numero de nodos
20

Coordenadas de los nodos
x	y
0	14.4
4	14.4
8	14.4
12	14.4
0	11.2
4	11.2
8	11.2
12	11.2
0	6.4
4	6.4
8	6.4
12	6.4
0	3.2
4	3.2
8	3.2
12	3.2

Nodos elementos
inicial	final
1	2
2	3
3	4
5	1
6	2
7	3
8	4
9	10
10	11
11	12
13	9
14	10
15	11
16	12
13	14
14	15
15	16
17	13
18	14
19	15
20	16

Base y altura de los elementos
b	h
0.25    0.3
0.25	0.3
0.25	0.3
0.30    0.3
0.30   	0.3
0.3     0.3
0.3     0.3
0.25	0.3
0.25	0.3
0.25	0.3
0.3     0.3
0.3     0.3
0.3     0.3
0.3     0.3
0.25	0.3
0.25	0.3
0.25	0.3
0.3     0.3
0.3     0.3
0.3     0.3
0.3     0.3
0.25	0.3
0.25	0.3
0.25	0.3
0.3 	0.3
0.3 	0.3
0.3     0.3
0.3 	0.3

Grados de libertad de los nodos
x	y	z
1	2	3
4	5	6
7	8	9
10	11	12
13	14	15
16	17	18
19	20	21
22	23	24
25	26	27
28	29	30
31	32	33
34	35	36
37	38	39
40	41	42
43	44	45
46	47	48
49	50	51
52	53	54
55	56	57
58	59	60

Numero de restricciones
12

Cargas aplicadas en los nodos
100000	1	
75000	13	
50000	25	
25000  	37	

RECUERDE GUARDAR