4715
1 2606 2535 2605
2 2535 2534 2605
3 2505 2516 2534
4 2534 2516 2604
5 2604 2516 2603
6 2603 2516 2602
7 2602 2516 2524
8 2524 2480 2601
9 2601 2480 2523
10 2523 2491 2600
11 2600 2491 2599
12 2599 2491 2533
13 2533 2491 2598
14 2491 2490 2598
15 2598 2490 2597
16 2597 2490 2596
17 2596 2490 2595
18 2595 2490 2594
19 2490 2515 2594
20 2515 2465 2593
21 2465 2504 2593
22 2593 2504 2592
23 2592 2504 2591
24 2591 2504 2590
25 2504 2532 2590
26 2590 2532 2589
27 2532 2503 2589
28 2589 2503 2588
29 2588 2503 2522
30 2522 2462 2587
31 2587 2462 2586
32 2462 2514 2586
33 2586 2514 2585
34 2585 2514 2584
35 2514 2444 2584
36 2584 2444 2583
37 2444 2502 2583
38 2583 2502 2582
39 2502 2531 2582
40 2531 2502 2581
41 2581 2502 2580
42 2580 2502 2579
43 2579 2502 2578
44 2502 2513 2578
45 2513 2477 2578
46 2578 2477 2577
47 2477 2500 2577
48 2577 2500 2576
49 2576 2500 2575
50 2575 2500 2574
51 2500 2489 2574
52 2574 2489 2512
53 2512 2511 2573
54 2573 2511 2572
55 2572 2511 2571
56 2571 2511 2570
57 2511 2521 2570
58 2570 2521 2569
59 2521 2510 2569
60 2569 2510 2568
61 2510 2498 2568
62 2568 2498 2567
63 2498 2509 2567
64 2567 2509 2566
65 2566 2509 2565
66 2565 2509 2564
67 2509 2520 2564
68 2564 2520 2563
69 2563 2520 2562
70 2520 2508 2562
71 2562 2508 2561
72 2561 2507 2560
73 2507 2496 2560
74 2560 2496 2559
75 2496 2495 2559
76 2559 2495 2558
77 2495 2519 2558
78 2558 2519 2530
79 2530 2427 2557
80 2557 2427 2556
81 2427 2472 2556
82 2556 2472 2555
83 2555 2472 2518
84 2518 2438 2554
85 2554 2438 2529
86 2528 2470 2553
87 2553 2470 2552
88 2552 2470 2551
89 2551 2470 2550
90 2470 2483 2550
91 2550 2483 2549
92 2549 2483 2548
93 2483 2452 2548
94 2548 2452 2547
95 2547 2452 2546
96 2546 2452 2506
97 2506 2437 2545
98 2545 2437 2544
99 2437 2517 2544
100 2544 2517 2543
101 2543 2517 2542
102 2542 2469 2527
103 2527 2494 2541
104 2541 2494 2540
105 2540 2494 2539
106 2494 2450 2539
107 2539 2450 2538
108 2538 2450 2537
109 2537 2450 2536
110 2450 2526 2536
111 2535 2525 2534
112 2525 2505 2534
113 2505 2492 2516
114 2521 2488 2510
115 2561 2508 2507
116 2519 2427 2530
117 2518 2453 2438
118 2529 2438 2528
119 2438 2470 2528
120 2469 2494 2527
121 2516 2466 2524
122 2524 2466 2480
123 2523 2480 2491
124 2490 2465 2515
125 2503 2462 2522
126 2444 2432 2502
127 2502 2501 2513
128 2489 2458 2512
129 2512 2458 2511
130 2511 2499 2521
131 2499 2488 2521
132 2488 2487 2510
133 2509 2474 2520
134 2520 2474 2508
135 2508 2497 2507
136 2472 2453 2518
137 2438 2471 2470
138 2517 2469 2542
139 2492 2481 2516
140 2481 2466 2516
141 2491 2446 2490
142 2465 2464 2504
143 2504 2479 2532
144 2532 2479 2503
145 2462 2461 2514
146 2432 2478 2502
147 2501 2477 2513
148 2458 2441 2511
149 2511 2441 2499
150 2487 2457 2510
151 2510 2457 2498
152 2498 2486 2509
153 2486 2475 2509
154 2509 2475 2474
155 2474 2485 2508
156 2508 2485 2497
157 2473 2484 2495
158 2452 2437 2506
159 2469 2436 2494
160 2450 2468 2526
161 2525 2493 2505
162 2493 2492 2505
163 2481 2425 2466
164 2479 2445 2503
165 2503 2445 2462
166 2502 2478 2501
167 2477 2459 2500
168 2459 2489 2500
169 2499 2441 2488
170 2441 2430 2488
171 2487 2476 2457
172 2457 2486 2498
173 2454 2485 2474
174 2497 2485 2507
175 2507 2485 2496
176 2496 2485 2495
177 2485 2473 2495
178 2517 2451 2469
179 2436 2420 2494
180 2494 2420 2450
181 2493 2482 2492
182 2480 2447 2491
183 2491 2402 2446
184 2490 2446 2465
185 2465 2424 2464
186 2464 2479 2504
187 2463 2445 2479
188 2478 2443 2501
189 2443 2460 2501
190 2501 2460 2477
191 2430 2476 2488
192 2488 2476 2487
193 2475 2455 2474
194 2455 2429 2474
195 2474 2429 2454
196 2484 2421 2495
197 2495 2421 2519
198 2470 2405 2483
199 2483 2389 2452
200 2437 2451 2517
201 2450 2420 2419
202 2467 2449 2482
203 2482 2449 2492
204 2449 2448 2492
205 2492 2448 2481
206 2466 2447 2480
207 2447 2402 2491
208 2435 2434 2464
209 2464 2434 2479
210 2479 2434 2463
211 2432 2412 2478
212 2412 2411 2478
213 2460 2442 2477
214 2477 2442 2459
215 2457 2456 2486
216 2486 2456 2475
217 2475 2456 2455
218 2429 2440 2454
219 2454 2440 2485
220 2485 2440 2473
221 2440 2439 2473
222 2439 2484 2473
223 2421 2427 2519
224 2472 2427 2453
225 2471 2405 2470
226 2437 2379 2451
227 2451 2367 2469
228 2469 2367 2436
229 2450 2418 2468
230 2402 2431 2446
231 2446 2424 2465
232 2424 2435 2464
233 2434 2445 2463
234 2445 2433 2462
235 2462 2433 2461
236 2461 2413 2514
237 2411 2443 2478
238 2443 2423 2460
239 2423 2442 2460
240 2459 2442 2489
241 2442 2400 2489
242 2489 2400 2458
243 2458 2410 2441
244 2441 2409 2430
245 2476 2422 2457
246 2457 2422 2456
247 2456 2429 2455
248 2440 2428 2439
249 2439 2428 2484
250 2428 2421 2484
251 2389 2396 2452
252 2452 2396 2437
253 2437 2388 2379
254 2450 2419 2418
255 2467 2417 2449
256 2449 2417 2448
257 2448 2425 2481
258 2425 2403 2466
259 2446 2431 2424
260 2434 2415 2445
261 2415 2362 2445
262 2413 2374 2514
263 2514 2374 2444
264 2374 2432 2444
265 2411 2391 2443
266 2391 2423 2443
267 2410 2409 2441
268 2456 2407 2429
269 2440 2429 2428
270 2428 2397 2421
271 2453 2339 2438
272 2405 2389 2483
273 2396 2388 2437
274 2436 2367 2420
275 2466 2403 2447
276 2447 2416 2402
277 2424 2401 2435
278 2401 2415 2435
279 2435 2415 2434
280 2445 2362 2433
281 2362 2414 2433
282 2374 2412 2432
283 2430 2408 2476
284 2476 2408 2422
285 2471 2339 2405
286 2451 2387 2367
287 2419 2386 2418
288 2417 2385 2448
289 2402 2376 2431
290 2424 2431 2393
291 2433 2414 2461
292 2423 2383 2442
293 2400 2410 2458
294 2430 2409 2408
295 2422 2381 2456
296 2456 2381 2407
297 2407 2399 2429
298 2429 2398 2428
299 2428 2398 2397
300 2406 2453 2427
301 2438 2339 2471
302 2420 2366 2419
303 2394 2377 2425
304 2377 2403 2425
305 2403 2416 2447
306 2424 2393 2401
307 2414 2348 2461
308 2461 2348 2413
309 2412 2360 2411
310 2391 2383 2423
311 2383 2400 2442
312 2372 2410 2400
313 2382 2390 2409
314 2409 2390 2408
315 2408 2381 2422
316 2399 2398 2429
317 2397 2368 2421
318 2421 2368 2427
319 2427 2368 2406
320 2379 2387 2451
321 2367 2366 2420
322 2366 2404 2419
323 2419 2404 2386
324 2426 2385 2417
325 2385 2335 2448
326 2448 2335 2425
327 2425 2335 2394
328 2416 2376 2402
329 2401 2392 2415
330 2392 2375 2415
331 2375 2362 2415
332 2354 2374 2413
333 2374 2373 2412
334 2411 2360 2391
335 2410 2372 2409
336 2372 2382 2409
337 2351 2381 2408
338 2381 2370 2407
339 2407 2370 2399
340 2398 2380 2397
341 2339 2389 2405
342 2366 2349 2404
343 2349 2386 2404
344 2349 2378 2386
345 2426 2395 2385
346 2394 2328 2377
347 2403 2377 2416
348 2393 2392 2401
349 2348 2354 2413
350 2360 2384 2391
351 2400 2383 2331
352 2331 2372 2400
353 2381 2343 2370
354 2399 2370 2398
355 2370 2369 2398
356 2369 2380 2398
357 2397 2380 2368
358 2380 2350 2368
359 2368 2329 2406
360 2406 2329 2453
361 2453 2329 2339
362 2389 2271 2396
363 2271 2388 2396
364 2379 2303 2387
365 2395 2356 2385
366 2335 2328 2394
367 2377 2364 2416
368 2376 2355 2431
369 2333 2363 2431
370 2431 2363 2393
371 2362 2361 2414
372 2361 2348 2414
373 2323 2373 2374
374 2384 2383 2391
375 2371 2382 2372
376 2390 2358 2408
377 2408 2358 2351
378 2343 2342 2370
379 2339 2271 2389
380 2388 2338 2379
381 2303 2367 2387
382 2356 2335 2385
383 2393 2325 2392
384 2325 2375 2392
385 2373 2360 2412
386 2383 2345 2331
387 2331 2296 2372
388 2372 2296 2371
389 2371 2344 2382
390 2382 2344 2390
391 2344 2359 2390
392 2381 2351 2343
393 2369 2340 2380
394 2338 2303 2379
395 2349 2365 2378
396 2328 2364 2377
397 2416 2334 2376
398 2334 2355 2376
399 2431 2355 2333
400 2375 2310 2362
401 2348 2347 2354
402 2354 2323 2374
403 2323 2322 2373
404 2322 2353 2373
405 2353 2352 2373
406 2352 2360 2373
407 2384 2345 2383
408 2296 2344 2371
409 2359 2358 2390
410 2342 2341 2370
411 2370 2341 2369
412 2341 2340 2369
413 2340 2357 2380
414 2380 2357 2350
415 2350 2329 2368
416 2367 2315 2366
417 2315 2349 2366
418 2349 2337 2365
419 2328 2327 2364
420 2416 2364 2334
421 2363 2325 2393
422 2362 2310 2361
423 2310 2309 2361
424 2309 2348 2361
425 2354 2324 2323
426 2352 2346 2360
427 2360 2346 2384
428 2344 2320 2359
429 2358 2359 2351
430 2351 2319 2343
431 2350 2316 2329
432 2329 2272 2339
433 2303 2315 2367
434 2335 2290 2328
435 2327 2334 2364
436 2334 2313 2355
437 2313 2326 2355
438 2355 2326 2333
439 2363 2287 2325
440 2325 2312 2375
441 2375 2312 2310
442 2347 2324 2354
443 2322 2321 2353
444 2353 2321 2352
445 2332 2346 2352
446 2346 2307 2384
447 2384 2307 2345
448 2331 2297 2296
449 2359 2319 2351
450 2319 2330 2343
451 2342 2305 2341
452 2341 2318 2340
453 2340 2317 2357
454 2357 2293 2350
455 2293 2316 2350
456 2388 2212 2338
457 2356 2336 2335
458 2291 2290 2335
459 2328 2274 2327
460 2327 2302 2334
461 2363 2299 2287
462 2312 2311 2310
463 2309 2266 2348
464 2348 2266 2347
465 2266 2324 2347
466 2321 2332 2352
467 2307 2306 2345
468 2306 2331 2345
469 2296 2273 2344
470 2273 2320 2344
471 2343 2330 2342
472 2330 2305 2342
473 2340 2318 2317
474 2317 2293 2357
475 2316 2258 2329
476 2339 2272 2271
477 2271 2212 2388
478 2212 2303 2338
479 2349 2270 2337
480 2336 2291 2335
481 2302 2289 2334
482 2334 2289 2313
483 2326 2299 2333
484 2333 2299 2363
485 2323 2308 2322
486 2321 2298 2332
487 2332 2307 2346
488 2306 2297 2331
489 2295 2294 2319
490 2319 2294 2330
491 2294 2305 2330
492 2281 2318 2341
493 2293 2278 2316
494 2258 2304 2329
495 2304 2272 2329
496 2303 2212 2315
497 2336 2314 2291
498 2328 2290 2274
499 2274 2302 2327
500 2313 2301 2326
501 2301 2300 2326
502 2326 2300 2299
503 2287 2267 2325
504 2325 2267 2244
505 2325 2244 2312
506 2312 2254 2311
507 2310 2266 2309
508 2266 2286 2324
509 2324 2286 2323
510 2286 2308 2323
511 2322 2308 2321
512 2308 2284 2321
513 2284 2298 2321
514 2298 2283 2332
515 2332 2283 2307
516 2307 2263 2306
517 2262 2297 2306
518 2320 2295 2359
519 2359 2295 2319
520 2305 2281 2341
521 2281 2280 2318
522 2280 2279 2318
523 2318 2279 2317
524 2279 2293 2317
525 2278 2258 2316
526 2315 2277 2349
527 2289 2288 2313
528 2288 2301 2313
529 2300 2268 2299
530 2268 2287 2299
531 2312 2244 2254
532 2310 2311 2266
533 2286 2285 2308
534 2283 2263 2307
535 2263 2262 2306
536 2297 2240 2296
537 2320 2252 2295
538 2295 2261 2294
539 2294 2281 2305
540 2279 2250 2293
541 2293 2250 2278
542 2277 2270 2349
543 2274 2275 2302
544 2302 2275 2289
545 2301 2268 2300
546 2266 2243 2286
547 2253 2285 2286
548 2308 2265 2284
549 2284 2229 2298
550 2229 2283 2298
551 2262 2240 2297
552 2240 2273 2296
553 2273 2252 2320
554 2252 2251 2295
555 2251 2261 2295
556 2261 2282 2294
557 2282 2281 2294
558 2281 2235 2280
559 2278 2249 2258
560 2292 2276 2291
561 2276 2256 2291
562 2291 2256 2290
563 2247 2275 2290
564 2290 2275 2274
565 2289 2275 2288
566 2301 2288 2268
567 2268 2267 2287
568 2254 2218 2311
569 2311 2218 2266
570 2286 2243 2253
571 2285 2265 2308
572 2265 2230 2284
573 2284 2230 2229
574 2229 2264 2283
575 2283 2264 2263
576 2261 2260 2282
577 2282 2259 2281
578 2281 2259 2235
579 2280 2235 2279
580 2235 2250 2279
581 2250 2249 2278
582 2276 2269 2256
583 2256 2247 2290
584 2275 2220 2288
585 2288 2245 2268
586 2285 2253 2265
587 2264 2197 2263
588 2216 2262 2263
589 2262 2238 2240
590 2251 2236 2261
591 2260 2259 2282
592 2249 2233 2258
593 2272 2239 2271
594 2315 2156 2277
595 2269 2257 2256
596 2211 2275 2247
597 2220 2255 2288
598 2255 2245 2288
599 2245 2210 2268
600 2268 2210 2267
601 2266 2218 2243
602 2253 2242 2265
603 2229 2197 2264
604 2263 2197 2216
605 2216 2241 2262
606 2252 2208 2251
607 2261 2236 2260
608 2236 2226 2260
609 2260 2226 2259
610 2250 2234 2249
611 2233 2304 2258
612 2205 2239 2272
613 2271 2222 2212
614 2257 2248 2256
615 2248 2247 2256
616 2247 2246 2211
617 2244 2219 2254
618 2254 2219 2218
619 2242 2230 2265
620 2241 2238 2262
621 2240 2228 2273
622 2273 2228 2252
623 2228 2208 2252
624 2208 2237 2251
625 2251 2237 2236
626 2235 2234 2250
627 2223 2233 2249
628 2304 2205 2272
629 2239 2222 2271
630 2212 2156 2315
631 2277 2203 2270
632 2248 2201 2247
633 2247 2201 2246
634 2211 2231 2275
635 2231 2220 2275
636 2255 2210 2245
637 2210 2219 2267
638 2267 2219 2244
639 2218 2217 2243
640 2217 2199 2243
641 2243 2209 2253
642 2253 2209 2242
643 2209 2230 2242
644 2238 2228 2240
645 2237 2196 2236
646 2236 2227 2226
647 2259 2225 2235
648 2234 2223 2249
649 2233 2213 2304
650 2248 2232 2201
651 2246 2201 2211
652 2255 2220 2210
653 2210 2200 2219
654 2199 2209 2243
655 2209 2175 2230
656 2175 2229 2230
657 2241 2174 2238
658 2238 2215 2228
659 2196 2227 2236
660 2226 2189 2259
661 2189 2214 2259
662 2259 2214 2225
663 2225 2224 2235
664 2235 2224 2234
665 2224 2207 2234
666 2233 2223 2213
667 2213 2206 2304
668 2232 2221 2201
669 2211 2193 2231
670 2175 2132 2229
671 2216 2174 2241
672 2228 2179 2208
673 2208 2162 2237
674 2227 2189 2226
675 2214 2188 2225
676 2225 2188 2224
677 2188 2187 2224
678 2207 2169 2234
679 2234 2169 2223
680 2169 2195 2223
681 2195 2213 2223
682 2304 2206 2205
683 2205 2204 2239
684 2239 2204 2222
685 2231 2176 2220
686 2200 2183 2219
687 2192 2181 2218
688 2218 2181 2217
689 2181 2199 2217
690 2199 2191 2209
691 2198 2175 2209
692 2132 2197 2229
693 2197 2174 2216
694 2179 2150 2208
695 2237 2162 2196
696 2227 2178 2189
697 2189 2171 2214
698 2171 2188 2214
699 2224 2187 2207
700 2195 2206 2213
701 2206 2186 2205
702 2277 2149 2203
703 2221 2202 2201
704 2201 2166 2211
705 2166 2193 2211
706 2193 2176 2231
707 2220 2200 2210
708 2219 2192 2218
709 2191 2198 2209
710 2174 2190 2238
711 2190 2173 2238
712 2215 2141 2228
713 2150 2162 2208
714 2196 2161 2227
715 2188 2171 2187
716 2187 2169 2207
717 2195 2186 2206
718 2205 2186 2204
719 2204 2107 2222
720 2212 2167 2156
721 2149 2185 2203
722 2202 2194 2201
723 2194 2166 2201
724 2176 2154 2220
725 2220 2123 2200
726 2219 2183 2192
727 2182 2181 2192
728 2181 2180 2199
729 2199 2180 2191
730 2175 2143 2132
731 2120 2174 2197
732 2151 2190 2174
733 2238 2173 2215
734 2228 2172 2179
735 2162 2161 2196
736 2161 2178 2227
737 2178 2159 2189
738 2189 2159 2171
739 2169 2168 2195
740 2195 2168 2157
741 2195 2157 2186
742 2186 2128 2204
743 2222 2167 2212
744 2156 2118 2277
745 2117 2149 2277
746 2194 2184 2166
747 2166 2147 2193
748 2193 2147 2176
749 2154 2165 2220
750 2192 2183 2182
751 2180 2163 2191
752 2163 2198 2191
753 2173 2141 2215
754 2228 2141 2172
755 2160 2159 2178
756 2171 2170 2187
757 2187 2170 2169
758 2128 2107 2204
759 2107 2167 2222
760 2118 2117 2277
761 2149 2137 2185
762 2184 2177 2166
763 2165 2123 2220
764 2123 2145 2200
765 2200 2145 2183
766 2145 2144 2183
767 2153 2164 2183
768 2183 2164 2182
769 2182 2164 2181
770 2164 2152 2181
771 2181 2152 2180
772 2152 2163 2180
773 2163 2133 2198
774 2175 2121 2143
775 2197 2132 2120
776 2179 2172 2150
777 2140 2161 2162
778 2161 2160 2178
779 2158 2170 2171
780 2139 2130 2170
781 2170 2130 2169
782 2129 2157 2168
783 2186 2138 2128
784 2177 2135 2166
785 2176 2147 2154
786 2154 2114 2165
787 2183 2144 2153
788 2153 2100 2164
789 2198 2133 2175
790 2175 2133 2121
791 2143 2091 2132
792 2120 2142 2174
793 2142 2151 2174
794 2190 2141 2173
795 2161 2140 2160
796 2159 2158 2171
797 2158 2139 2170
798 2169 2130 2168
799 2130 2129 2168
800 2177 2155 2135
801 2135 2115 2166
802 2166 2115 2147
803 2154 2146 2114
804 2114 2123 2165
805 2100 2113 2164
806 2113 2134 2164
807 2164 2134 2152
808 2152 2134 2163
809 2134 2133 2163
810 2151 2131 2190
811 2080 2172 2141
812 2172 2090 2150
813 2150 2090 2162
814 2160 2119 2159
815 2159 2119 2158
816 2119 2110 2158
817 2158 2110 2139
818 2157 2108 2186
819 2167 2064 2156
820 2064 2118 2156
821 2155 2148 2135
822 2147 2124 2154
823 2144 2100 2153
824 2133 2122 2121
825 2070 2120 2132
826 2120 2069 2142
827 2142 2131 2151
828 2090 2111 2162
829 2162 2111 2140
830 2140 2119 2160
831 2109 2129 2130
832 2108 2138 2186
833 2138 2044 2128
834 2117 2116 2149
835 2116 2086 2149
836 2149 2086 2137
837 2148 2136 2135
838 2115 2126 2147
839 2147 2126 2125
840 2125 2124 2147
841 2154 2124 2146
842 2123 2093 2145
843 2145 2093 2144
844 2093 2101 2144
845 2144 2101 2100
846 2134 2099 2133
847 2143 2121 2091
848 2069 2131 2142
849 2190 2080 2141
850 2111 2089 2140
851 2140 2089 2119
852 2110 2097 2139
853 2139 2097 2130
854 2129 2096 2157
855 2096 2108 2157
856 2108 2076 2138
857 2076 2044 2138
858 2128 2044 2107
859 2107 2028 2167
860 2136 2127 2135
861 2127 2115 2135
862 2125 2103 2124
863 2113 2056 2134
864 2099 2122 2133
865 2132 2091 2070
866 2069 2047 2131
867 2097 2109 2130
868 2109 2077 2129
869 2115 2104 2126
870 2104 2103 2126
871 2126 2103 2125
872 2103 2084 2124
873 2114 2102 2123
874 2102 2082 2123
875 2093 2011 2101
876 2134 2056 2099
877 2099 2112 2122
878 2122 2112 2121
879 2112 2081 2121
880 2121 2081 2091
881 2070 2031 2120
882 2120 2031 2069
883 2131 2080 2190
884 2098 2110 2119
885 2077 2096 2129
886 2064 2075 2118
887 2118 2075 2117
888 2075 2106 2117
889 2117 2106 2116
890 2127 2105 2115
891 2105 2104 2115
892 2084 2074 2124
893 2124 2083 2146
894 2083 2073 2146
895 2146 2073 2114
896 2073 2102 2114
897 2082 2048 2123
898 2123 2048 2093
899 2100 2092 2113
900 2092 2056 2113
901 2047 2080 2131
902 2090 2068 2111
903 2068 2089 2111
904 2089 2066 2119
905 2119 2066 2098
906 2098 2066 2110
907 2066 2088 2110
908 2088 2097 2110
909 2097 2065 2109
910 2065 2077 2109
911 2096 2051 2108
912 2044 2028 2107
913 2167 1983 2064
914 2105 2095 2104
915 2095 2094 2104
916 2104 2061 2103
917 2103 2061 2084
918 2074 2083 2124
919 2073 2082 2102
920 2011 2072 2101
921 2101 2072 2100
922 2072 2092 2100
923 2092 2057 2056
924 2056 2020 2099
925 2020 2112 2099
926 2081 2054 2091
927 2046 2090 2172
928 2088 2065 2097
929 2065 2078 2077
930 2077 2029 2096
931 2096 2029 2051
932 2051 2087 2108
933 2087 2076 2108
934 2035 2106 2075
935 2095 2085 2094
936 2085 2062 2094
937 2094 2062 2104
938 2062 2049 2104
939 2049 2061 2104
940 2074 2060 2083
941 2112 2055 2081
942 2071 2054 2081
943 2054 2039 2091
944 2091 2039 2070
945 2080 2046 2172
946 2090 2046 2068
947 2068 2079 2089
948 2079 2030 2089
949 2030 2067 2089
950 2089 2067 2066
951 2066 2045 2088
952 2045 2065 2088
953 2035 2043 2106
954 2106 2026 2116
955 2116 2026 2086
956 2086 2026 2063
957 2061 2024 2084
958 2084 2024 2074
959 2060 2059 2083
960 2083 2059 2073
961 2073 2041 2082
962 2041 2058 2082
963 2082 2058 2048
964 2092 2072 2057
965 2055 2071 2081
966 2069 2031 2047
967 2047 2018 2080
968 2080 2018 2046
969 2046 2007 2068
970 2068 2036 2079
971 2065 2052 2078
972 2078 2052 2077
973 2052 2029 2077
974 2087 2003 2076
975 2076 2003 2044
976 2028 1972 2167
977 1972 1983 2167
978 2064 2015 2075
979 2015 2035 2075
980 2043 2026 2106
981 2061 2032 2024
982 2074 2024 2060
983 2059 2041 2073
984 2048 2011 2093
985 2112 2020 2055
986 2055 2019 2071
987 2019 2054 2071
988 2039 2031 2070
989 2007 2053 2068
990 2030 1984 2067
991 2066 2067 2045
992 2045 2052 2065
993 2051 2016 2087
994 1983 2015 2064
995 2026 2014 2063
996 2050 1992 2062
997 2062 1992 2049
998 2049 2032 2061
999 2060 2024 2059
1000 2041 1987 2058
1001 2072 2021 2057
1002 2057 2021 2056
1003 2021 2010 2056
1004 2056 2010 2020
1005 2020 2019 2055
1006 2019 2040 2054
1007 2054 2009 2039
1008 2047 2038 2018
1009 2018 1985 2046
1010 2068 2053 2036
1011 2029 2016 2051
1012 2016 2003 2087
1013 2063 2014 2042
1014 1992 2032 2049
1015 2059 2022 2041
1016 2041 2022 1987
1017 2058 2011 2048
1018 2011 2021 2072
1019 2040 2009 2054
1020 2039 2008 2031
1021 2031 2001 2047
1022 2001 2038 2047
1023 1985 2037 2046
1024 2046 2037 2007
1025 2036 2006 2079
1026 2006 2030 2079
1027 2067 1984 2045
1028 1984 2005 2045
1029 2045 2004 2052
1030 2003 1997 2044
1031 2044 1997 2028
1032 1996 2027 2035
1033 2035 2026 2043
1034 2014 2034 2042
1035 2050 2033 1992
1036 2024 2023 2059
1037 2023 2022 2059
1038 2010 1951 2020
1039 2039 2009 2008
1040 2008 2001 2031
1041 2007 1979 2053
1042 1979 2006 2053
1043 2053 2006 2036
1044 2004 1999 2052
1045 2029 2017 2016
1046 2015 1996 2035
1047 2027 2026 2035
1048 2014 2013 2034
1049 2033 2025 1992
1050 1992 1991 2032
1051 2032 1991 2024
1052 2024 1981 2023
1053 2058 1987 2011
1054 2011 1976 2021
1055 2008 1986 2001
1056 2006 1978 2030
1057 1978 2000 2030
1058 2030 2000 1984
1059 2005 2004 2045
1060 2052 1999 2029
1061 1999 2017 2029
1062 2016 1949 2003
1063 1997 1973 2028
1064 1973 1972 2028
1065 2027 1969 2026
1066 1969 2014 2026
1067 2025 2012 1992
1068 1991 1981 2024
1069 1981 1990 2023
1070 2023 1990 2022
1071 2022 1988 1987
1072 1976 1963 2021
1073 2021 1963 2010
1074 2020 1957 2019
1075 2038 1975 2018
1076 1999 1998 2017
1077 2016 2017 1949
1078 1972 1926 1983
1079 1983 1948 2015
1080 2015 1948 1996
1081 1996 1995 2027
1082 2027 1995 1969
1083 1969 1994 2014
1084 2014 1994 2013
1085 1994 1982 2013
1086 2012 2002 1992
1087 1990 1989 2022
1088 1989 1988 2022
1089 1987 1976 2011
1090 1963 1951 2010
1091 1951 1957 2020
1092 2040 1962 2009
1093 2009 1962 2008
1094 1962 1944 2008
1095 2008 1944 1986
1096 2001 1975 2038
1097 1985 1961 2037
1098 2037 1942 2007
1099 2007 1942 1979
1100 1979 1978 2006
1101 1956 1984 2000
1102 1984 1956 2005
1103 1956 1974 2005
1104 2005 1974 2004
1105 1941 1998 1999
1106 2003 1973 1997
1107 1996 1948 1995
1108 1969 1960 1994
1109 2002 1993 1992
1110 1965 1989 1990
1111 1980 1976 1987
1112 2019 1962 2040
1113 1986 1975 2001
1114 1975 1943 2018
1115 2018 1943 1985
1116 2037 1961 1942
1117 1979 1932 1978
1118 1978 1956 2000
1119 1974 1941 2004
1120 2004 1941 1999
1121 1998 1949 2017
1122 1949 1973 2003
1123 1983 1971 1948
1124 1993 1977 1992
1125 1992 1977 1991
1126 1966 1965 1981
1127 1981 1965 1990
1128 1989 1980 1988
1129 1988 1980 1987
1130 1943 1961 1985
1131 1998 1931 1949
1132 1983 1926 1971
1133 1948 1970 1995
1134 1994 1960 1982
1135 1960 1968 1982
1136 1991 1966 1981
1137 1989 1964 1980
1138 1980 1958 1976
1139 1957 1962 2019
1140 1944 1975 1986
1141 1942 1932 1979
1142 1978 1932 1956
1143 1956 1950 1974
1144 1995 1955 1969
1145 1993 1967 1977
1146 1977 1966 1991
1147 1966 1953 1965
1148 1965 1964 1989
1149 1964 1952 1980
1150 1958 1936 1976
1151 1936 1911 1976
1152 1976 1911 1963
1153 1963 1945 1951
1154 1945 1902 1951
1155 1975 1934 1943
1156 1898 1932 1942
1157 1941 1917 1998
1158 1917 1916 1998
1159 1973 1909 1972
1160 1971 1915 1948
1161 1970 1947 1995
1162 1995 1947 1955
1163 1955 1960 1969
1164 1960 1959 1968
1165 1967 1954 1977
1166 1977 1923 1966
1167 1923 1953 1966
1168 1953 1938 1965
1169 1965 1938 1964
1170 1964 1937 1952
1171 1980 1952 1958
1172 1963 1911 1945
1173 1902 1957 1951
1174 1957 1935 1962
1175 1962 1920 1944
1176 1943 1919 1961
1177 1919 1933 1961
1178 1961 1933 1942
1179 1910 1917 1941
1180 1949 1885 1973
1181 1885 1909 1973
1182 1948 1915 1970
1183 1915 1947 1970
1184 1955 1930 1960
1185 1960 1946 1959
1186 1977 1954 1923
1187 1938 1922 1964
1188 1958 1952 1936
1189 1935 1901 1962
1190 1962 1901 1900
1191 1900 1920 1962
1192 1975 1944 1893
1193 1932 1950 1956
1194 1950 1918 1974
1195 1931 1940 1949
1196 1909 1889 1972
1197 1972 1889 1926
1198 1947 1930 1955
1199 1930 1925 1960
1200 1960 1929 1946
1201 1922 1927 1964
1202 1964 1927 1937
1203 1937 1936 1952
1204 1920 1876 1944
1205 1893 1934 1975
1206 1932 1918 1950
1207 1918 1941 1974
1208 1998 1916 1931
1209 1940 1885 1949
1210 1915 1914 1947
1211 1947 1914 1930
1212 1960 1925 1929
1213 1929 1939 1946
1214 1903 1911 1936
1215 1911 1902 1945
1216 1902 1935 1957
1217 1934 1892 1943
1218 1943 1892 1919
1219 1933 1898 1942
1220 1898 1891 1932
1221 1918 1910 1941
1222 1931 1890 1940
1223 1926 1879 1971
1224 1971 1879 1915
1225 1929 1924 1939
1226 1954 1928 1923
1227 1953 1922 1938
1228 1922 1921 1927
1229 1927 1921 1937
1230 1921 1912 1937
1231 1912 1903 1937
1232 1937 1903 1936
1233 1900 1876 1920
1234 1944 1876 1893
1235 1893 1892 1934
1236 1919 1899 1933
1237 1899 1898 1933
1238 1891 1918 1932
1239 1914 1895 1930
1240 1930 1895 1925
1241 1925 1884 1929
1242 1902 1869 1935
1243 1897 1916 1917
1244 1916 1896 1931
1245 1889 1839 1926
1246 1839 1879 1926
1247 1915 1872 1914
1248 1925 1895 1884
1249 1929 1884 1924
1250 1884 1907 1924
1251 1928 1913 1923
1252 1913 1906 1923
1253 1906 1865 1923
1254 1923 1865 1953
1255 1865 1887 1953
1256 1953 1887 1922
1257 1887 1905 1922
1258 1922 1905 1921
1259 1912 1904 1903
1260 1911 1894 1902
1261 1893 1856 1892
1262 1892 1899 1919
1263 1918 1882 1910
1264 1910 1897 1917
1265 1896 1890 1931
1266 1890 1830 1940
1267 1840 1889 1909
1268 1879 1872 1915
1269 1872 1908 1914
1270 1914 1908 1895
1271 1921 1905 1912
1272 1912 1905 1904
1273 1904 1877 1903
1274 1911 1903 1894
1275 1894 1869 1902
1276 1863 1891 1898
1277 1891 1882 1918
1278 1882 1881 1910
1279 1881 1897 1910
1280 1874 1896 1916
1281 1940 1830 1885
1282 1885 1840 1909
1283 1884 1888 1907
1284 1887 1870 1905
1285 1905 1878 1904
1286 1877 1894 1903
1287 1935 1869 1901
1288 1901 1825 1900
1289 1900 1825 1876
1290 1847 1856 1893
1291 1899 1843 1898
1292 1898 1843 1863
1293 1891 1875 1882
1294 1897 1874 1916
1295 1874 1886 1896
1296 1890 1841 1830
1297 1840 1846 1889
1298 1908 1867 1895
1299 1895 1867 1884
1300 1865 1870 1887
1301 1878 1877 1904
1302 1876 1847 1893
1303 1896 1886 1890
1304 1886 1880 1890
1305 1889 1854 1839
1306 1872 1868 1908
1307 1868 1867 1908
1308 1884 1866 1888
1309 1906 1883 1865
1310 1870 1858 1905
1311 1892 1833 1899
1312 1833 1843 1899
1313 1863 1810 1891
1314 1882 1875 1881
1315 1897 1831 1874
1316 1880 1841 1890
1317 1830 1840 1885
1318 1846 1854 1889
1319 1884 1867 1866
1320 1858 1878 1905
1321 1869 1864 1901
1322 1810 1875 1891
1323 1875 1897 1881
1324 1874 1855 1886
1325 1886 1855 1880
1326 1855 1841 1880
1327 1841 1824 1830
1328 1839 1873 1879
1329 1879 1873 1872
1330 1873 1853 1872
1331 1872 1853 1868
1332 1868 1862 1867
1333 1883 1871 1865
1334 1870 1859 1858
1335 1858 1850 1878
1336 1877 1857 1894
1337 1857 1864 1894
1338 1894 1864 1869
1339 1825 1848 1876
1340 1856 1833 1892
1341 1810 1832 1875
1342 1875 1831 1897
1343 1831 1855 1874
1344 1862 1861 1867
1345 1867 1828 1866
1346 1865 1826 1870
1347 1826 1820 1870
1348 1820 1859 1870
1349 1878 1844 1877
1350 1864 1849 1901
1351 1901 1849 1825
1352 1876 1848 1847
1353 1847 1763 1856
1354 1863 1842 1810
1355 1853 1829 1868
1356 1861 1828 1867
1357 1828 1860 1866
1358 1871 1826 1865
1359 1878 1834 1844
1360 1844 1857 1877
1361 1843 1811 1863
1362 1831 1802 1855
1363 1846 1782 1854
1364 1829 1823 1868
1365 1868 1823 1862
1366 1823 1816 1862
1367 1862 1816 1861
1368 1828 1852 1860
1369 1871 1851 1826
1370 1859 1836 1858
1371 1836 1850 1858
1372 1835 1834 1878
1373 1864 1779 1849
1374 1856 1817 1833
1375 1811 1842 1863
1376 1832 1804 1875
1377 1855 1802 1841
1378 1854 1809 1839
1379 1873 1781 1853
1380 1828 1838 1852
1381 1851 1845 1826
1382 1820 1836 1859
1383 1836 1835 1850
1384 1850 1835 1878
1385 1834 1818 1844
1386 1857 1844 1864
1387 1848 1791 1847
1388 1791 1763 1847
1389 1804 1803 1875
1390 1875 1803 1831
1391 1840 1759 1846
1392 1759 1782 1846
1393 1839 1809 1873
1394 1829 1796 1823
1395 1816 1828 1861
1396 1828 1793 1838
1397 1845 1837 1826
1398 1836 1813 1835
1399 1818 1812 1844
1400 1844 1807 1864
1401 1848 1806 1791
1402 1833 1805 1843
1403 1843 1805 1811
1404 1802 1824 1841
1405 1830 1783 1840
1406 1783 1759 1840
1407 1793 1822 1838
1408 1837 1827 1826
1409 1820 1813 1836
1410 1813 1819 1835
1411 1835 1819 1834
1412 1834 1819 1818
1413 1844 1797 1807
1414 1807 1779 1864
1415 1849 1792 1825
1416 1856 1763 1817
1417 1817 1805 1833
1418 1811 1785 1842
1419 1785 1810 1842
1420 1803 1784 1831
1421 1831 1784 1802
1422 1778 1824 1802
1423 1824 1783 1830
1424 1809 1781 1873
1425 1853 1796 1829
1426 1816 1793 1828
1427 1827 1821 1826
1428 1826 1821 1820
1429 1819 1798 1818
1430 1798 1812 1818
1431 1812 1797 1844
1432 1792 1848 1825
1433 1782 1809 1854
1434 1853 1770 1796
1435 1796 1795 1823
1436 1823 1795 1816
1437 1795 1793 1816
1438 1793 1815 1822
1439 1821 1814 1820
1440 1814 1813 1820
1441 1755 1808 1813
1442 1813 1808 1819
1443 1808 1798 1819
1444 1817 1749 1805
1445 1778 1771 1824
1446 1771 1783 1824
1447 1783 1738 1759
1448 1782 1732 1809
1449 1781 1770 1853
1450 1793 1801 1815
1451 1821 1800 1814
1452 1814 1780 1813
1453 1798 1787 1812
1454 1797 1779 1807
1455 1779 1792 1849
1456 1792 1806 1848
1457 1791 1750 1763
1458 1805 1786 1811
1459 1811 1786 1785
1460 1810 1748 1832
1461 1804 1761 1803
1462 1802 1784 1778
1463 1780 1755 1813
1464 1755 1799 1808
1465 1808 1799 1798
1466 1788 1787 1798
1467 1787 1797 1812
1468 1797 1764 1779
1469 1792 1751 1806
1470 1806 1751 1791
1471 1739 1750 1791
1472 1763 1773 1817
1473 1805 1749 1786
1474 1785 1748 1810
1475 1832 1748 1804
1476 1761 1760 1803
1477 1803 1760 1784
1478 1796 1769 1795
1479 1795 1794 1793
1480 1793 1790 1801
1481 1800 1780 1814
1482 1755 1754 1799
1483 1799 1775 1798
1484 1775 1788 1798
1485 1787 1764 1797
1486 1751 1739 1791
1487 1773 1749 1817
1488 1749 1762 1786
1489 1748 1761 1804
1490 1760 1772 1784
1491 1732 1781 1809
1492 1730 1770 1781
1493 1770 1769 1796
1494 1795 1769 1794
1495 1794 1790 1793
1496 1800 1789 1780
1497 1788 1765 1787
1498 1787 1742 1764
1499 1779 1740 1792
1500 1762 1785 1786
1501 1784 1724 1778
1502 1759 1710 1782
1503 1732 1731 1781
1504 1730 1747 1770
1505 1769 1758 1794
1506 1794 1758 1790
1507 1758 1745 1790
1508 1789 1767 1780
1509 1775 1765 1788
1510 1787 1765 1742
1511 1740 1726 1792
1512 1792 1726 1751
1513 1750 1773 1763
1514 1762 1748 1785
1515 1761 1733 1760
1516 1784 1772 1724
1517 1724 1777 1778
1518 1778 1777 1771
1519 1710 1732 1782
1520 1780 1707 1755
1521 1754 1766 1799
1522 1799 1766 1775
1523 1764 1741 1779
1524 1741 1774 1779
1525 1779 1774 1740
1526 1726 1704 1751
1527 1762 1713 1748
1528 1732 1703 1731
1529 1781 1731 1730
1530 1746 1758 1769
1531 1745 1768 1776
1532 1767 1707 1780
1533 1775 1766 1765
1534 1752 1741 1764
1535 1751 1698 1739
1536 1773 1714 1749
1537 1749 1725 1762
1538 1748 1734 1761
1539 1761 1711 1733
1540 1747 1693 1770
1541 1693 1746 1770
1542 1770 1746 1769
1543 1745 1757 1768
1544 1756 1707 1767
1545 1707 1736 1755
1546 1755 1736 1754
1547 1754 1735 1766
1548 1766 1753 1765
1549 1765 1753 1742
1550 1742 1752 1764
1551 1741 1716 1774
1552 1716 1740 1774
1553 1698 1750 1739
1554 1725 1713 1762
1555 1761 1734 1711
1556 1783 1675 1738
1557 1738 1710 1759
1558 1746 1709 1758
1559 1758 1709 1745
1560 1745 1744 1757
1561 1756 1743 1707
1562 1754 1736 1735
1563 1753 1721 1742
1564 1742 1721 1752
1565 1752 1721 1741
1566 1740 1715 1726
1567 1704 1698 1751
1568 1750 1698 1773
1569 1749 1714 1725
1570 1733 1686 1760
1571 1760 1686 1772
1572 1686 1642 1772
1573 1772 1642 1724
1574 1771 1675 1783
1575 1730 1694 1747
1576 1693 1684 1746
1577 1745 1709 1744
1578 1709 1737 1744
1579 1735 1727 1766
1580 1721 1716 1741
1581 1716 1715 1740
1582 1698 1697 1773
1583 1697 1714 1773
1584 1714 1670 1725
1585 1712 1734 1748
1586 1724 1659 1777
1587 1771 1777 1675
1588 1731 1694 1730
1589 1709 1729 1737
1590 1743 1728 1707
1591 1707 1681 1736
1592 1736 1680 1735
1593 1680 1727 1735
1594 1727 1717 1766
1595 1766 1717 1753
1596 1753 1717 1721
1597 1725 1670 1713
1598 1713 1712 1748
1599 1711 1668 1733
1600 1710 1695 1732
1601 1703 1694 1731
1602 1747 1694 1693
1603 1746 1720 1709
1604 1709 1723 1729
1605 1728 1722 1707
1606 1681 1680 1736
1607 1680 1700 1727
1608 1727 1700 1717
1609 1721 1705 1716
1610 1726 1715 1704
1611 1698 1651 1697
1612 1668 1686 1733
1613 1738 1685 1710
1614 1695 1703 1732
1615 1684 1720 1746
1616 1720 1683 1709
1617 1709 1719 1723
1618 1722 1718 1707
1619 1687 1706 1717
1620 1717 1706 1721
1621 1721 1706 1705
1622 1705 1678 1716
1623 1716 1678 1715
1624 1704 1660 1698
1625 1697 1650 1714
1626 1734 1696 1711
1627 1724 1642 1659
1628 1675 1685 1738
1629 1703 1658 1694
1630 1694 1639 1693
1631 1709 1708 1719
1632 1718 1689 1707
1633 1700 1688 1717
1634 1688 1687 1717
1635 1706 1678 1705
1636 1633 1651 1698
1637 1650 1649 1714
1638 1649 1670 1714
1639 1670 1669 1713
1640 1713 1669 1712
1641 1712 1648 1734
1642 1648 1696 1734
1643 1696 1676 1711
1644 1711 1676 1668
1645 1659 1675 1777
1646 1675 1624 1685
1647 1710 1685 1695
1648 1695 1658 1703
1649 1683 1702 1709
1650 1709 1701 1708
1651 1707 1689 1681
1652 1687 1699 1706
1653 1706 1699 1678
1654 1715 1660 1704
1655 1648 1676 1696
1656 1695 1641 1658
1657 1640 1639 1694
1658 1693 1692 1684
1659 1684 1657 1720
1660 1709 1702 1701
1661 1702 1691 1701
1662 1680 1636 1700
1663 1700 1673 1688
1664 1687 1672 1699
1665 1678 1662 1715
1666 1660 1633 1698
1667 1651 1650 1697
1668 1669 1677 1712
1669 1712 1677 1648
1670 1668 1632 1686
1671 1659 1631 1675
1672 1695 1685 1641
1673 1658 1640 1694
1674 1639 1647 1693
1675 1693 1647 1692
1676 1720 1657 1683
1677 1657 1667 1683
1678 1683 1667 1702
1679 1702 1682 1691
1680 1690 1664 1689
1681 1689 1664 1681
1682 1681 1664 1680
1683 1700 1636 1673
1684 1688 1673 1687
1685 1672 1679 1699
1686 1679 1671 1699
1687 1699 1671 1678
1688 1645 1662 1678
1689 1669 1614 1677
1690 1686 1632 1642
1691 1675 1612 1624
1692 1684 1692 1657
1693 1702 1667 1682
1694 1667 1674 1682
1695 1664 1654 1680
1696 1680 1654 1636
1697 1636 1635 1673
1698 1673 1663 1687
1699 1663 1672 1687
1700 1671 1645 1678
1701 1662 1661 1715
1702 1715 1661 1660
1703 1649 1643 1670
1704 1670 1643 1669
1705 1643 1614 1669
1706 1642 1631 1659
1707 1631 1612 1675
1708 1667 1656 1674
1709 1656 1666 1674
1710 1690 1665 1664
1711 1665 1637 1664
1712 1673 1635 1663
1713 1663 1653 1672
1714 1653 1679 1672
1715 1679 1652 1671
1716 1671 1652 1645
1717 1668 1676 1632
1718 1692 1591 1657
1719 1657 1630 1667
1720 1667 1600 1656
1721 1655 1637 1665
1722 1637 1654 1664
1723 1616 1636 1654
1724 1635 1653 1663
1725 1653 1634 1679
1726 1634 1652 1679
1727 1661 1644 1660
1728 1620 1649 1650
1729 1649 1625 1643
1730 1614 1648 1677
1731 1648 1618 1676
1732 1618 1613 1676
1733 1642 1603 1631
1734 1600 1646 1656
1735 1635 1623 1653
1736 1634 1627 1652
1737 1645 1621 1662
1738 1662 1621 1661
1739 1661 1621 1644
1740 1660 1644 1633
1741 1633 1620 1651
1742 1651 1620 1650
1743 1620 1619 1649
1744 1641 1640 1658
1745 1639 1602 1647
1746 1602 1591 1647
1747 1647 1591 1692
1748 1630 1600 1667
1749 1600 1638 1646
1750 1637 1577 1654
1751 1652 1626 1645
1752 1645 1626 1621
1753 1619 1625 1649
1754 1604 1618 1614
1755 1614 1618 1648
1756 1676 1613 1632
1757 1632 1603 1642
1758 1685 1561 1641
1759 1641 1561 1640
1760 1591 1630 1657
1761 1600 1629 1638
1762 1628 1577 1637
1763 1616 1608 1636
1764 1636 1608 1635
1765 1653 1623 1634
1766 1623 1622 1634
1767 1634 1622 1627
1768 1627 1626 1652
1769 1644 1586 1633
1770 1586 1615 1633
1771 1633 1615 1620
1772 1595 1614 1643
1773 1630 1580 1600
1774 1600 1617 1629
1775 1577 1616 1654
1776 1608 1623 1635
1777 1597 1622 1623
1778 1622 1607 1627
1779 1627 1607 1626
1780 1567 1621 1626
1781 1585 1606 1620
1782 1606 1605 1620
1783 1620 1605 1619
1784 1619 1584 1625
1785 1625 1595 1643
1786 1595 1583 1614
1787 1614 1583 1604
1788 1613 1603 1632
1789 1603 1493 1631
1790 1631 1562 1612
1791 1612 1592 1624
1792 1592 1611 1624
1793 1624 1611 1685
1794 1591 1580 1630
1795 1608 1597 1623
1796 1597 1575 1622
1797 1607 1574 1626
1798 1574 1567 1626
1799 1567 1587 1621
1800 1621 1587 1644
1801 1615 1585 1620
1802 1619 1605 1584
1803 1584 1596 1625
1804 1596 1595 1625
1805 1604 1582 1618
1806 1582 1613 1618
1807 1613 1593 1603
1808 1640 1560 1639
1809 1639 1560 1602
1810 1591 1601 1580
1811 1600 1549 1617
1812 1549 1610 1617
1813 1628 1609 1577
1814 1577 1576 1616
1815 1616 1576 1608
1816 1575 1607 1622
1817 1586 1566 1615
1818 1606 1565 1605
1819 1596 1563 1595
1820 1582 1594 1613
1821 1593 1581 1603
1822 1493 1562 1631
1823 1562 1592 1612
1824 1611 1523 1685
1825 1591 1559 1601
1826 1580 1549 1600
1827 1549 1599 1610
1828 1609 1598 1577
1829 1568 1588 1608
1830 1608 1588 1597
1831 1575 1574 1607
1832 1644 1573 1586
1833 1585 1572 1606
1834 1572 1565 1606
1835 1565 1584 1605
1836 1594 1593 1613
1837 1523 1561 1685
1838 1640 1535 1560
1839 1560 1591 1602
1840 1601 1559 1580
1841 1549 1590 1599
1842 1598 1589 1577
1843 1576 1568 1608
1844 1588 1575 1597
1845 1587 1531 1644
1846 1531 1573 1644
1847 1564 1553 1584
1848 1584 1553 1596
1849 1553 1563 1596
1850 1563 1552 1595
1851 1595 1552 1583
1852 1583 1571 1604
1853 1571 1582 1604
1854 1582 1527 1594
1855 1593 1525 1581
1856 1581 1493 1603
1857 1570 1611 1592
1858 1561 1472 1640
1859 1560 1517 1591
1860 1517 1559 1591
1861 1559 1558 1580
1862 1549 1579 1590
1863 1589 1578 1577
1864 1588 1537 1575
1865 1575 1555 1574
1866 1574 1536 1567
1867 1567 1514 1587
1868 1514 1513 1587
1869 1587 1513 1531
1870 1573 1566 1586
1871 1566 1554 1615
1872 1615 1554 1585
1873 1585 1554 1572
1874 1565 1564 1584
1875 1552 1545 1583
1876 1545 1551 1583
1877 1583 1551 1571
1878 1571 1542 1582
1879 1594 1526 1593
1880 1581 1525 1493
1881 1570 1523 1611
1882 1580 1558 1549
1883 1549 1569 1579
1884 1578 1547 1577
1885 1577 1547 1576
1886 1576 1547 1568
1887 1537 1555 1575
1888 1555 1536 1574
1889 1536 1532 1567
1890 1532 1514 1567
1891 1531 1497 1573
1892 1573 1497 1566
1893 1554 1546 1572
1894 1572 1546 1565
1895 1565 1530 1564
1896 1551 1544 1571
1897 1582 1542 1527
1898 1562 1550 1592
1899 1592 1550 1570
1900 1517 1444 1559
1901 1549 1557 1569
1902 1578 1556 1547
1903 1568 1538 1588
1904 1538 1537 1588
1905 1497 1512 1566
1906 1512 1496 1566
1907 1496 1554 1566
1908 1546 1530 1565
1909 1564 1530 1553
1910 1553 1518 1563
1911 1518 1529 1563
1912 1529 1552 1563
1913 1495 1544 1551
1914 1544 1543 1571
1915 1571 1543 1542
1916 1527 1526 1594
1917 1526 1481 1593
1918 1481 1525 1593
1919 1493 1550 1562
1920 1523 1472 1561
1921 1559 1492 1558
1922 1549 1534 1557
1923 1534 1504 1557
1924 1504 1548 1557
1925 1556 1520 1547
1926 1537 1487 1555
1927 1555 1487 1536
1928 1554 1519 1546
1929 1530 1518 1553
1930 1552 1529 1545
1931 1545 1528 1551
1932 1551 1528 1495
1933 1570 1524 1523
1934 1472 1535 1640
1935 1558 1534 1549
1936 1504 1541 1548
1937 1556 1540 1520
1938 1520 1539 1547
1939 1547 1539 1568
1940 1568 1539 1538
1941 1537 1515 1487
1942 1529 1509 1545
1943 1509 1528 1545
1944 1544 1483 1543
1945 1542 1543 1527
1946 1550 1429 1570
1947 1570 1507 1524
1948 1560 1506 1517
1949 1444 1492 1559
1950 1492 1534 1558
1951 1504 1522 1541
1952 1540 1533 1520
1953 1520 1488 1539
1954 1539 1488 1538
1955 1488 1501 1538
1956 1538 1501 1537
1957 1537 1501 1515
1958 1487 1500 1536
1959 1499 1532 1536
1960 1496 1519 1554
1961 1519 1511 1546
1962 1511 1530 1546
1963 1481 1465 1525
1964 1465 1493 1525
1965 1570 1429 1507
1966 1533 1521 1520
1967 1521 1502 1520
1968 1520 1490 1488
1969 1500 1499 1536
1970 1499 1478 1532
1971 1478 1477 1532
1972 1532 1477 1514
1973 1513 1498 1531
1974 1531 1498 1497
1975 1511 1510 1530
1976 1510 1474 1530
1977 1530 1485 1518
1978 1518 1509 1529
1979 1509 1495 1528
1980 1495 1494 1544
1981 1544 1494 1483
1982 1483 1508 1543
1983 1543 1508 1527
1984 1527 1508 1526
1985 1383 1429 1493
1986 1493 1429 1550
1987 1507 1464 1524
1988 1524 1464 1523
1989 1523 1464 1472
1990 1535 1405 1560
1991 1405 1506 1560
1992 1492 1505 1534
1993 1505 1504 1534
1994 1504 1503 1522
1995 1521 1516 1502
1996 1502 1479 1520
1997 1479 1490 1520
1998 1490 1489 1488
1999 1501 1468 1515
2000 1476 1511 1519
2001 1474 1485 1530
2002 1485 1484 1518
2003 1484 1509 1518
2004 1494 1457 1483
2005 1526 1482 1481
2006 1492 1455 1505
2007 1504 1471 1503
2008 1488 1468 1501
2009 1468 1451 1515
2010 1451 1487 1515
2011 1487 1438 1500
2012 1477 1498 1514
2013 1514 1498 1513
2014 1497 1467 1512
2015 1467 1496 1512
2016 1496 1486 1519
2017 1486 1476 1519
2018 1476 1466 1511
2019 1511 1474 1510
2020 1485 1433 1484
2021 1484 1473 1509
2022 1495 1432 1494
2023 1483 1445 1508
2024 1508 1482 1526
2025 1472 1352 1535
2026 1505 1471 1504
2027 1491 1479 1502
2028 1490 1462 1489
2029 1487 1439 1438
2030 1438 1450 1500
2031 1500 1450 1499
2032 1498 1467 1497
2033 1467 1486 1496
2034 1466 1475 1511
2035 1475 1474 1511
2036 1509 1432 1495
2037 1432 1457 1494
2038 1445 1430 1508
2039 1508 1430 1482
2040 1465 1383 1493
2041 1352 1405 1535
2042 1444 1455 1492
2043 1505 1454 1471
2044 1491 1480 1479
2045 1479 1462 1490
2046 1462 1441 1489
2047 1489 1441 1488
2048 1441 1468 1488
2049 1451 1439 1487
2050 1450 1449 1499
2051 1499 1449 1478
2052 1477 1436 1498
2053 1498 1436 1467
2054 1467 1476 1486
2055 1474 1434 1485
2056 1433 1459 1484
2057 1484 1459 1473
2058 1473 1458 1509
2059 1458 1432 1509
2060 1483 1457 1445
2061 1481 1482 1465
2062 1429 1389 1507
2063 1464 1352 1472
2064 1455 1454 1505
2065 1480 1469 1479
2066 1469 1462 1479
2067 1441 1461 1468
2068 1478 1449 1477
2069 1449 1448 1477
2070 1467 1460 1476
2071 1476 1435 1466
2072 1466 1425 1475
2073 1475 1434 1474
2074 1434 1433 1485
2075 1459 1458 1473
2076 1432 1431 1457
2077 1456 1429 1383
2078 1507 1389 1464
2079 1517 1506 1444
2080 1471 1454 1470
2081 1454 1453 1470
2082 1469 1463 1462
2083 1468 1461 1451
2084 1448 1436 1477
2085 1436 1460 1467
2086 1460 1435 1476
2087 1466 1435 1425
2088 1425 1446 1475
2089 1475 1446 1434
2090 1459 1397 1458
2091 1482 1383 1465
2092 1389 1352 1464
2093 1444 1395 1455
2094 1454 1428 1453
2095 1463 1452 1462
2096 1452 1421 1462
2097 1421 1420 1462
2098 1462 1420 1441
2099 1441 1440 1461
2100 1461 1440 1451
2101 1451 1426 1439
2102 1437 1448 1449
2103 1436 1447 1460
2104 1447 1435 1460
2105 1446 1417 1434
2106 1417 1433 1434
2107 1433 1397 1459
2108 1397 1406 1458
2109 1406 1424 1458
2110 1458 1424 1432
2111 1457 1431 1445
2112 1405 1416 1506
2113 1506 1416 1444
2114 1395 1412 1455
2115 1455 1412 1454
2116 1428 1403 1453
2117 1403 1443 1453
2118 1452 1442 1421
2119 1441 1415 1440
2120 1440 1426 1451
2121 1426 1411 1439
2122 1439 1401 1438
2123 1438 1414 1450
2124 1449 1409 1437
2125 1448 1399 1436
2126 1431 1430 1445
2127 1430 1383 1482
2128 1403 1428 1454
2129 1403 1423 1443
2130 1442 1427 1421
2131 1420 1415 1441
2132 1415 1411 1440
2133 1440 1411 1426
2134 1411 1393 1439
2135 1439 1393 1401
2136 1438 1401 1414
2137 1450 1414 1449
2138 1436 1399 1447
2139 1447 1419 1435
2140 1435 1419 1425
2141 1425 1417 1446
2142 1417 1397 1433
2143 1424 1406 1432
2144 1432 1406 1431
2145 1431 1374 1430
2146 1429 1456 1389
2147 1326 1352 1389
2148 1367 1351 1405
2149 1454 1412 1403
2150 1427 1422 1421
2151 1420 1402 1415
2152 1414 1409 1449
2153 1437 1399 1448
2154 1447 1408 1419
2155 1419 1418 1425
2156 1418 1417 1425
2157 1406 1374 1431
2158 1374 1344 1430
2159 1430 1344 1383
2160 1351 1416 1405
2161 1388 1412 1395
2162 1403 1394 1423
2163 1422 1386 1421
2164 1421 1386 1420
2165 1386 1402 1420
2166 1392 1413 1414
2167 1414 1413 1409
2168 1437 1409 1399
2169 1399 1391 1447
2170 1390 1408 1447
2171 1408 1398 1419
2172 1417 1407 1397
2173 1416 1395 1444
2174 1388 1404 1412
2175 1401 1392 1414
2176 1392 1400 1413
2177 1413 1400 1409
2178 1400 1410 1409
2179 1377 1418 1419
2180 1418 1375 1417
2181 1407 1368 1397
2182 1396 1395 1416
2183 1412 1404 1403
2184 1402 1365 1415
2185 1365 1378 1415
2186 1415 1378 1411
2187 1411 1378 1393
2188 1393 1364 1401
2189 1409 1410 1399
2190 1447 1391 1390
2191 1391 1370 1390
2192 1390 1398 1408
2193 1398 1377 1419
2194 1376 1375 1418
2195 1417 1384 1407
2196 1353 1374 1397
2197 1397 1374 1406
2198 1456 1382 1389
2199 1405 1352 1367
2200 1388 1381 1404
2201 1404 1373 1403
2202 1403 1373 1394
2203 1402 1386 1365
2204 1393 1372 1364
2205 1364 1371 1401
2206 1371 1392 1401
2207 1392 1385 1400
2208 1400 1385 1410
2209 1410 1391 1399
2210 1390 1370 1398
2211 1377 1376 1418
2212 1375 1384 1417
2213 1384 1368 1407
2214 1368 1353 1397
2215 1396 1325 1395
2216 1373 1349 1394
2217 1394 1349 1387
2218 1378 1372 1393
2219 1371 1363 1392
2220 1392 1363 1385
2221 1385 1362 1410
2222 1410 1361 1391
2223 1361 1370 1391
2224 1398 1370 1377
2225 1369 1368 1384
2226 1344 1343 1383
2227 1382 1326 1389
2228 1351 1396 1416
2229 1325 1358 1395
2230 1395 1358 1388
2231 1388 1358 1381
2232 1315 1373 1404
2233 1350 1349 1373
2234 1349 1380 1387
2235 1379 1365 1386
2236 1376 1359 1375
2237 1375 1369 1384
2238 1368 1354 1353
2239 1353 1335 1374
2240 1381 1358 1404
2241 1358 1315 1404
2242 1349 1341 1380
2243 1365 1347 1378
2244 1347 1331 1378
2245 1378 1331 1372
2246 1364 1346 1371
2247 1363 1362 1385
2248 1362 1361 1410
2249 1361 1355 1370
2250 1360 1338 1370
2251 1370 1338 1377
2252 1377 1338 1376
2253 1376 1338 1359
2254 1375 1359 1369
2255 1335 1301 1374
2256 1374 1301 1344
2257 1343 1456 1383
2258 1326 1310 1352
2259 1315 1350 1373
2260 1379 1366 1365
2261 1371 1346 1363
2262 1355 1360 1370
2263 1338 1328 1359
2264 1369 1336 1368
2265 1336 1354 1368
2266 1344 1275 1343
2267 1253 1382 1456
2268 1316 1396 1351
2269 1358 1309 1315
2270 1366 1357 1365
2271 1357 1322 1365
2272 1365 1322 1347
2273 1364 1372 1346
2274 1346 1330 1363
2275 1363 1330 1362
2276 1362 1356 1361
2277 1361 1356 1339
2278 1339 1345 1361
2279 1361 1345 1355
2280 1355 1302 1360
2281 1359 1337 1369
2282 1369 1337 1336
2283 1367 1316 1351
2284 1334 1342 1350
2285 1350 1342 1349
2286 1349 1342 1341
2287 1357 1348 1322
2288 1331 1307 1372
2289 1307 1346 1372
2290 1362 1321 1356
2291 1339 1294 1345
2292 1345 1294 1355
2293 1360 1288 1338
2294 1354 1318 1353
2295 1353 1318 1335
2296 1301 1275 1344
2297 1343 1253 1456
2298 1310 1274 1352
2299 1352 1274 1367
2300 1315 1334 1350
2301 1348 1340 1322
2302 1322 1312 1347
2303 1347 1312 1331
2304 1307 1306 1346
2305 1346 1305 1330
2306 1330 1329 1362
2307 1329 1321 1362
2308 1321 1339 1356
2309 1294 1302 1355
2310 1328 1320 1359
2311 1320 1337 1359
2312 1337 1327 1336
2313 1336 1318 1354
2314 1396 1283 1325
2315 1325 1309 1358
2316 1334 1333 1342
2317 1342 1333 1341
2318 1333 1324 1341
2319 1340 1332 1322
2320 1306 1305 1346
2321 1339 1321 1294
2322 1302 1288 1360
2323 1288 1328 1338
2324 1287 1320 1328
2325 1320 1319 1337
2326 1319 1327 1337
2327 1336 1327 1318
2328 1318 1317 1335
2329 1335 1317 1301
2330 1326 1284 1310
2331 1315 1273 1334
2332 1273 1272 1334
2333 1334 1272 1333
2334 1332 1323 1322
2335 1312 1307 1331
2336 1307 1297 1306
2337 1305 1304 1330
2338 1330 1304 1329
2339 1304 1311 1329
2340 1329 1311 1321
2341 1294 1256 1302
2342 1288 1287 1328
2343 1382 1284 1326
2344 1274 1221 1367
2345 1367 1221 1316
2346 1316 1251 1396
2347 1325 1283 1309
2348 1315 1309 1273
2349 1333 1314 1324
2350 1323 1313 1322
2351 1313 1312 1322
2352 1311 1295 1321
2353 1321 1295 1294
2354 1294 1303 1256
2355 1287 1266 1320
2356 1320 1266 1319
2357 1319 1278 1327
2358 1278 1286 1327
2359 1286 1285 1327
2360 1327 1285 1318
2361 1318 1285 1317
2362 1317 1285 1301
2363 1285 1276 1301
2364 1275 1253 1343
2365 1221 1251 1316
2366 1333 1299 1314
2367 1313 1308 1312
2368 1308 1292 1312
2369 1292 1307 1312
2370 1305 1270 1304
2371 1304 1296 1311
2372 1296 1295 1311
2373 1289 1303 1294
2374 1266 1278 1319
2375 1265 1276 1285
2376 1284 1300 1310
2377 1300 1274 1310
2378 1251 1283 1396
2379 1283 1282 1309
2380 1272 1262 1333
2381 1333 1262 1299
2382 1308 1298 1292
2383 1292 1291 1307
2384 1291 1297 1307
2385 1297 1290 1306
2386 1290 1270 1306
2387 1306 1270 1305
2388 1304 1270 1296
2389 1279 1269 1296
2390 1296 1269 1295
2391 1295 1259 1294
2392 1259 1268 1294
2393 1294 1246 1289
2394 1256 1255 1302
2395 1302 1255 1288
2396 1224 1277 1285
2397 1277 1265 1285
2398 1276 1275 1301
2399 1253 1252 1382
2400 1251 1230 1283
2401 1262 1281 1299
2402 1298 1293 1292
2403 1271 1291 1292
2404 1297 1280 1290
2405 1270 1279 1296
2406 1269 1260 1295
2407 1260 1259 1295
2408 1294 1268 1246
2409 1289 1258 1303
2410 1275 1244 1253
2411 1243 1221 1274
2412 1282 1250 1309
2413 1250 1273 1309
2414 1273 1263 1272
2415 1292 1293 1271
2416 1291 1280 1297
2417 1246 1258 1289
2418 1258 1257 1303
2419 1303 1257 1256
2420 1255 1287 1288
2421 1267 1236 1287
2422 1236 1266 1287
2423 1278 1235 1286
2424 1286 1235 1285
2425 1235 1224 1285
2426 1244 1203 1253
2427 1382 1252 1284
2428 1300 1243 1274
2429 1262 1249 1281
2430 1290 1240 1270
2431 1270 1215 1279
2432 1215 1269 1279
2433 1255 1245 1287
2434 1287 1245 1267
2435 1266 1236 1278
2436 1236 1231 1278
2437 1231 1226 1278
2438 1226 1235 1278
2439 1224 1265 1277
2440 1265 1254 1276
2441 1276 1234 1275
2442 1234 1264 1275
2443 1264 1244 1275
2444 1230 1195 1283
2445 1250 1219 1273
2446 1273 1233 1263
2447 1263 1229 1272
2448 1272 1229 1262
2449 1293 1261 1271
2450 1261 1248 1271
2451 1248 1217 1271
2452 1271 1217 1291
2453 1291 1247 1280
2454 1280 1240 1290
2455 1240 1215 1270
2456 1259 1238 1268
2457 1268 1238 1246
2458 1245 1236 1267
2459 1224 1254 1265
2460 1254 1234 1276
2461 1220 1230 1251
2462 1219 1233 1273
2463 1233 1229 1263
2464 1217 1247 1291
2465 1215 1227 1269
2466 1269 1227 1260
2467 1227 1239 1260
2468 1239 1238 1260
2469 1260 1238 1259
2470 1246 1232 1258
2471 1258 1232 1257
2472 1257 1232 1256
2473 1256 1232 1255
2474 1232 1245 1255
2475 1245 1237 1236
2476 1235 1225 1224
2477 1234 1211 1264
2478 1253 1203 1252
2479 1284 1222 1300
2480 1300 1222 1243
2481 1243 1210 1221
2482 1221 1183 1251
2483 1282 1140 1250
2484 1140 1166 1250
2485 1250 1166 1219
2486 1209 1262 1229
2487 1262 1242 1249
2488 1241 1217 1248
2489 1280 1216 1240
2490 1238 1232 1246
2491 1232 1192 1245
2492 1192 1237 1245
2493 1197 1231 1236
2494 1225 1196 1224
2495 1254 1223 1234
2496 1212 1211 1234
2497 1264 1189 1244
2498 1222 1188 1243
2499 1188 1210 1243
2500 1183 1220 1251
2501 1195 1282 1283
2502 1262 1228 1242
2503 1247 1216 1280
2504 1240 1216 1215
2505 1227 1214 1239
2506 1239 1214 1238
2507 1238 1213 1232
2508 1237 1197 1236
2509 1226 1225 1235
2510 1224 1223 1254
2511 1223 1212 1234
2512 1211 1189 1264
2513 1244 1189 1203
2514 1195 1140 1282
2515 1217 1200 1247
2516 1247 1200 1216
2517 1215 1176 1227
2518 1213 1205 1232
2519 1232 1205 1198
2520 1198 1192 1232
2521 1197 1226 1231
2522 1224 1184 1223
2523 1212 1159 1211
2524 1211 1159 1189
2525 1220 1195 1230
2526 1233 1209 1229
2527 1209 1181 1262
2528 1262 1186 1228
2529 1186 1208 1228
2530 1241 1218 1217
2531 1218 1177 1217
2532 1176 1206 1227
2533 1206 1214 1227
2534 1214 1213 1238
2535 1192 1191 1237
2536 1237 1191 1197
2537 1226 1204 1225
2538 1196 1184 1224
2539 1223 1184 1212
2540 1284 1095 1222
2541 1219 1165 1233
2542 1165 1209 1233
2543 1181 1186 1262
2544 1218 1207 1177
2545 1217 1177 1200
2546 1200 1156 1216
2547 1216 1176 1215
2548 1206 1199 1214
2549 1199 1174 1214
2550 1214 1174 1213
2551 1213 1173 1205
2552 1204 1196 1225
2553 1189 1142 1203
2554 1222 1107 1188
2555 1210 1183 1221
2556 1183 1187 1220
2557 1187 1195 1220
2558 1209 1165 1181
2559 1186 1202 1208
2560 1207 1201 1177
2561 1177 1162 1200
2562 1156 1176 1216
2563 1176 1193 1206
2564 1193 1199 1206
2565 1174 1173 1213
2566 1173 1161 1205
2567 1205 1161 1198
2568 1198 1153 1192
2569 1197 1160 1226
2570 1226 1190 1204
2571 1204 1171 1196
2572 1171 1184 1196
2573 1203 1142 1252
2574 1252 1095 1284
2575 1095 1107 1222
2576 1187 1167 1195
2577 1195 1182 1140
2578 1166 1139 1219
2579 1219 1139 1165
2580 1186 1180 1202
2581 1201 1194 1177
2582 1200 1162 1156
2583 1193 1185 1199
2584 1199 1185 1174
2585 1198 1161 1153
2586 1191 1160 1197
2587 1226 1160 1190
2588 1190 1171 1204
2589 1212 1168 1159
2590 1188 1107 1210
2591 963 1183 1210
2592 1183 1150 1187
2593 1150 1167 1187
2594 1167 1182 1195
2595 1176 1175 1193
2596 1153 1145 1192
2597 1192 1172 1191
2598 1190 1160 1171
2599 1170 1169 1212
2600 1212 1169 1168
2601 1168 1151 1159
2602 1159 1142 1189
2603 1107 963 1210
2604 1182 1117 1140
2605 1181 1164 1186
2606 1186 1164 1180
2607 1194 1178 1177
2608 1175 1148 1193
2609 1193 1148 1185
2610 1145 1172 1192
2611 1171 1144 1184
2612 1144 1143 1184
2613 1184 1143 1212
2614 1143 1170 1212
2615 1142 1118 1252
2616 1167 1141 1182
2617 1141 1117 1182
2618 1140 1139 1166
2619 1139 1149 1165
2620 1165 1164 1181
2621 1180 1164 1179
2622 1164 1158 1179
2623 1178 1163 1177
2624 1163 1162 1177
2625 1162 1136 1156
2626 1156 1155 1176
2627 1176 1155 1175
2628 1155 1148 1175
2629 1148 1125 1185
2630 1125 1154 1185
2631 1185 1154 1174
2632 1174 1154 1173
2633 1154 1147 1173
2634 1173 1147 1161
2635 1191 1172 1160
2636 1160 1152 1171
2637 1143 1081 1170
2638 1170 1131 1169
2639 1169 1131 1168
2640 1131 1151 1168
2641 1118 1095 1252
2642 1150 1141 1167
2643 1149 1116 1165
2644 1165 1116 1164
2645 1163 1157 1162
2646 1125 1128 1154
2647 1154 1128 1147
2648 1147 1135 1161
2649 1135 1153 1161
2650 1172 1134 1160
2651 1134 1152 1160
2652 1152 1133 1171
2653 1151 1142 1159
2654 1164 1138 1158
2655 1115 1127 1162
2656 1162 1127 1136
2657 1136 1114 1156
2658 1156 1114 1155
2659 1114 1126 1155
2660 1126 1102 1155
2661 1102 1148 1155
2662 1148 1085 1125
2663 1135 1146 1153
2664 1146 1145 1153
2665 1145 1123 1172
2666 1172 1121 1134
2667 1134 1099 1152
2668 1130 1142 1151
2669 1183 1069 1150
2670 1117 1106 1140
2671 1140 1106 1139
2672 1157 1137 1162
2673 1137 1129 1162
2674 1102 1085 1148
2675 1128 1113 1147
2676 1113 1124 1147
2677 1147 1124 1135
2678 1135 1124 1146
2679 1123 1122 1172
2680 1122 1121 1172
2681 1152 1099 1133
2682 1171 1097 1144
2683 1097 1096 1144
2684 1144 1096 1143
2685 1096 1109 1143
2686 1143 1109 1081
2687 1081 1132 1170
2688 1170 1132 1131
2689 1131 1132 1151
2690 1132 1130 1151
2691 1130 1108 1142
2692 963 1069 1183
2693 1150 1069 1141
2694 1116 1105 1164
2695 1105 1077 1164
2696 1164 1077 1138
2697 1129 1115 1162
2698 1127 1114 1136
2699 1126 1103 1102
2700 1125 1093 1128
2701 1145 1111 1123
2702 1123 1100 1122
2703 1121 1110 1134
2704 1110 1099 1134
2705 1099 1097 1133
2706 1133 1097 1171
2707 1132 1120 1130
2708 1120 1108 1130
2709 1142 1108 1119
2710 1119 1118 1142
2711 1106 1078 1139
2712 1114 1094 1126
2713 1128 1093 1092
2714 1128 1092 1113
2715 1124 1112 1146
2716 1146 1101 1145
2717 1099 1098 1097
2718 1069 1080 1141
2719 1117 1088 1106
2720 1115 1114 1127
2721 1094 1103 1126
2722 1085 1093 1125
2723 1113 1091 1124
2724 1124 1091 1112
2725 1146 1112 1101
2726 1101 1111 1145
2727 1111 1100 1123
2728 1100 1084 1122
2729 1122 1084 1121
2730 1084 1110 1121
2731 1090 1081 1109
2732 1120 1089 1108
2733 1108 1054 1119
2734 1095 1053 1107
2735 1053 980 1107
2736 1107 980 963
2737 1141 1080 1117
2738 1139 1078 1149
2739 1149 1061 1116
2740 1116 1061 1105
2741 1129 1104 1115
2742 1104 1075 1115
2743 1115 1060 1114
2744 1060 1094 1114
2745 1092 1045 1113
2746 1045 1091 1113
2747 1099 1083 1098
2748 1055 1072 1096
2749 1096 1072 1109
2750 1109 1072 1090
2751 1132 1049 1120
2752 1089 1070 1108
2753 1088 1079 1106
2754 1061 1077 1105
2755 1077 1087 1138
2756 1075 1060 1115
2757 1094 1065 1103
2758 1065 1064 1103
2759 1064 1058 1103
2760 1103 1058 1102
2761 1102 1058 1085
2762 1091 1074 1112
2763 1112 1074 1101
2764 1101 1073 1111
2765 1073 1062 1111
2766 1111 1062 1100
2767 1100 1062 1084
2768 1084 1056 1110
2769 1110 1056 1099
2770 1056 1083 1099
2771 1083 1050 1098
2772 1098 1050 1097
2773 1097 1050 1096
2774 1050 1055 1096
2775 1070 1054 1108
2776 1054 1039 1119
2777 1118 1048 1095
2778 1080 1088 1117
2779 1078 1061 1149
2780 1077 1030 1087
2781 1104 1086 1075
2782 1060 1059 1094
2783 1059 1065 1094
2784 1085 1004 1093
2785 1093 1004 1092
2786 1045 1074 1091
2787 1074 1063 1101
2788 1063 1073 1101
2789 1056 1040 1083
2790 1072 1082 1090
2791 1090 1082 1081
2792 1081 1049 1132
2793 1120 1071 1089
2794 1089 1071 1070
2795 1119 1039 1118
2796 963 1002 1069
2797 1069 1002 1080
2798 1080 1010 1088
2799 1030 1067 1087
2800 1086 1076 1075
2801 1059 1046 1065
2802 1057 1004 1085
2803 1004 1045 1092
2804 1073 1042 1062
2805 1084 1062 1056
2806 1083 1040 1050
2807 1081 1082 1049
2808 1049 1071 1120
2809 1070 1031 1054
2810 1039 1048 1118
2811 1048 1020 1095
2812 1020 1053 1095
2813 1002 1047 1080
2814 1080 1047 1068
2815 1080 1068 1010
2816 1079 1078 1106
2817 1078 1037 1061
2818 1077 1061 1030
2819 1076 1066 1075
2820 1066 1060 1075
2821 1045 1044 1074
2822 1063 1033 1073
2823 1062 1041 1056
2824 1055 1082 1072
2825 1071 1031 1070
2826 1088 1018 1079
2827 1030 1052 1067
2828 1028 1046 1059
2829 1046 1027 1065
2830 1065 1027 1064
2831 1027 1035 1064
2832 1064 1035 1058
2833 1044 1034 1074
2834 1074 1024 1063
2835 1024 1043 1063
2836 1063 1043 1033
2837 1033 1042 1073
2838 1042 1041 1062
2839 1049 1012 1071
2840 1012 1031 1071
2841 1047 1010 1068
2842 1079 1038 1078
2843 1037 1030 1061
2844 1030 1008 1052
2845 1066 1051 1060
2846 1051 1028 1060
2847 1060 1028 1059
2848 1058 1035 1085
2849 1085 1026 1057
2850 1026 1004 1057
2851 1074 1034 1024
2852 1041 1040 1056
2853 1050 995 1055
2854 995 1021 1055
2855 1055 1021 1082
2856 1054 1031 1039
2857 1048 981 1020
2858 1035 1026 1085
2859 1004 998 1045
2860 1025 1044 1045
2861 1025 1034 1044
2862 1034 997 1024
2863 1024 1016 1043
2864 1033 1023 1042
2865 1041 1014 1040
2866 1040 1022 1050
2867 1021 1013 1082
2868 1082 994 1049
2869 1049 955 1012
2870 1031 991 1039
2871 1039 991 1048
2872 1002 1019 1047
2873 1047 1011 1010
2874 1079 1018 1038
2875 1018 990 1038
2876 1038 1037 1078
2877 1037 1017 1030
2878 1036 1028 1051
2879 1028 988 1046
2880 1046 988 1027
2881 1035 1005 1026
2882 998 1025 1045
2883 1043 1016 1033
2884 1042 1023 1041
2885 1023 985 1041
2886 985 1014 1041
2887 1014 1022 1040
2888 1022 1032 1050
2889 1032 983 1050
2890 1050 983 995
2891 1013 994 1082
2892 994 993 1049
2893 993 955 1049
2894 1012 1003 1031
2895 1020 980 1053
2896 963 882 1002
2897 1019 1011 1047
2898 1010 969 1088
2899 1088 969 1018
2900 1038 1009 1037
2901 1036 1029 1028
2902 1029 999 1028
2903 1027 987 1035
2904 987 1005 1035
2905 1025 997 1034
2906 1016 1015 1033
2907 1033 1015 1023
2908 1012 971 1003
2909 1031 1003 991
2910 991 970 1048
2911 1048 970 981
2912 990 1009 1038
2913 1009 1017 1037
2914 999 988 1028
2915 988 987 1027
2916 1005 1004 1026
2917 998 975 1025
2918 974 958 1025
2919 1024 997 1016
2920 1016 986 1015
2921 1015 985 1023
2922 985 984 1014
2923 984 996 1014
2924 1014 996 1022
2925 1022 973 1032
2926 1032 973 983
2927 995 1013 1021
2928 955 954 1012
2929 1003 992 991
2930 1002 962 1019
2931 962 1011 1019
2932 1017 979 1030
2933 1030 979 1008
2934 1029 1006 999
2935 1004 928 998
2936 975 974 1025
2937 1025 958 997
2938 997 986 1016
2939 995 972 1013
2940 1013 935 994
2941 954 971 1012
2942 981 922 1020
2943 1011 962 1010
2944 1010 962 969
2945 990 951 1009
2946 951 918 1009
2947 1008 979 1007
2948 979 1001 1007
2949 1006 1000 999
2950 988 976 987
2951 987 928 1005
2952 1005 928 1004
2953 958 957 997
2954 956 984 985
2955 984 937 996
2956 972 935 1013
2957 971 932 1003
2958 932 992 1003
2959 991 982 970
2960 980 870 963
2961 921 962 1002
2962 969 961 1018
2963 961 990 1018
2964 918 1017 1009
2965 979 989 1001
2966 1000 966 999
2967 999 966 988
2968 928 975 998
2969 958 946 957
2970 937 964 996
2971 996 944 1022
2972 983 943 995
2973 995 943 972
2974 972 942 935
2975 935 941 994
2976 994 941 993
2977 992 982 991
2978 970 923 981
2979 952 922 981
2980 922 980 1020
2981 882 921 1002
2982 918 950 1017
2983 950 979 1017
2984 979 978 989
2985 1000 977 966
2986 966 959 988
2987 988 959 976
2988 976 928 987
2989 928 947 975
2990 947 974 975
2991 997 965 986
2992 986 965 1015
2993 1015 965 985
2994 985 965 956
2995 956 945 984
2996 984 945 937
2997 973 914 983
2998 983 914 943
2999 941 934 993
3000 993 934 955
3001 992 953 982
3002 923 952 981
3003 961 951 990
3004 950 940 979
3005 979 968 978
3006 977 967 966
3007 976 959 928
3008 947 938 974
3009 974 938 958
3010 957 904 997
3011 904 965 997
3012 964 936 996
3013 936 944 996
3014 944 925 1022
3015 1022 914 973
3016 943 942 972
3017 954 932 971
3018 992 931 953
3019 982 923 970
3020 870 882 963
3021 962 961 969
3022 961 920 951
3023 951 919 918
3024 979 940 968
3025 940 960 968
3026 967 939 966
3027 966 939 959
3028 928 917 947
3029 965 927 956
3030 937 936 964
3031 925 902 1022
3032 1022 902 914
3033 932 931 992
3034 931 924 953
3035 953 923 982
3036 900 922 952
3037 922 870 980
3038 950 898 940
3039 940 949 960
3040 967 948 939
3041 939 928 959
3042 917 907 947
3043 947 907 938
3044 958 938 946
3045 946 904 957
3046 965 904 927
3047 927 926 956
3048 956 926 945
3049 935 934 941
3050 934 933 955
3051 955 933 954
3052 954 933 932
3053 953 924 923
3054 923 900 952
3055 921 881 962
3056 920 919 951
3057 918 898 950
3058 940 930 949
3059 897 917 928
3060 907 906 938
3061 938 905 946
3062 896 927 904
3063 945 926 937
3064 936 916 944
3065 916 915 944
3066 944 915 925
3067 914 893 943
3068 943 893 942
3069 933 913 932
3070 924 911 923
3071 882 778 921
3072 920 899 919
3073 898 910 940
3074 910 909 940
3075 940 909 930
3076 948 929 939
3077 929 890 939
3078 939 876 928
3079 906 905 938
3080 905 888 946
3081 946 888 904
3082 926 916 937
3083 937 916 936
3084 942 901 935
3085 935 901 934
3086 932 913 931
3087 913 924 931
3088 912 911 924
3089 923 892 900
3090 900 883 922
3091 962 869 961
3092 868 899 961
3093 961 899 920
3094 909 908 930
3095 890 876 939
3096 876 897 928
3097 896 895 927
3098 927 895 926
3099 895 894 926
3100 903 915 916
3101 915 902 925
3102 902 855 914
3103 893 901 942
3104 885 933 934
3105 913 872 924
3106 872 912 924
3107 911 884 923
3108 884 892 923
3109 859 853 922
3110 853 870 922
3111 870 779 882
3112 778 881 921
3113 881 869 962
3114 919 899 918
3115 899 867 918
3116 867 898 918
3117 897 889 917
3118 917 889 907
3119 889 906 907
3120 906 865 905
3121 865 888 905
3122 875 896 904
3123 896 862 895
3124 894 903 926
3125 926 903 916
3126 903 887 915
3127 915 887 902
3128 914 855 893
3129 901 886 934
3130 933 885 913
3131 872 884 912
3132 912 884 911
3133 883 859 922
3134 869 868 961
3135 898 866 910
3136 910 880 909
3137 880 849 909
3138 909 879 908
3139 906 889 865
3140 888 875 904
3141 896 863 862
3142 887 861 902
3143 902 861 855
3144 873 836 893
3145 893 836 901
3146 836 886 901
3147 886 885 934
3148 860 872 913
3149 892 871 900
3150 900 871 883
3151 867 851 898
3152 849 879 909
3153 929 891 890
3154 876 856 897
3155 856 889 897
3156 864 875 888
3157 875 863 896
3158 895 845 894
3159 845 903 894
3160 903 874 887
3161 855 873 893
3162 885 860 913
3163 872 854 884
3164 884 854 892
3165 854 835 892
3166 835 871 892
3167 898 851 866
3168 866 880 910
3169 891 877 890
3170 877 876 890
3171 856 840 889
3172 840 847 889
3173 865 864 888
3174 864 833 875
3175 863 837 862
3176 862 846 895
3177 845 874 903
3178 887 874 861
3179 874 844 861
3180 886 801 885
3181 885 801 860
3182 871 859 883
3183 870 826 779
3184 778 812 881
3185 869 824 868
3186 866 850 880
3187 850 849 880
3188 879 849 878
3189 849 858 878
3190 877 856 876
3191 875 833 863
3192 886 816 801
3193 860 784 872
3194 784 794 872
3195 835 859 871
3196 853 813 870
3197 881 812 869
3198 812 825 869
3199 868 824 899
3200 899 852 867
3201 867 852 851
3202 851 842 866
3203 842 850 866
3204 850 823 849
3205 877 857 856
3206 889 839 865
3207 865 839 864
3208 839 838 864
3209 863 833 837
3210 837 818 862
3211 862 818 846
3212 846 805 895
3213 895 805 845
3214 845 770 874
3215 797 844 874
3216 861 844 855
3217 844 832 855
3218 855 817 873
3219 873 817 836
3220 836 830 886
3221 829 784 860
3222 835 827 859
3223 827 853 859
3224 779 684 882
3225 882 684 778
3226 825 824 869
3227 899 824 852
3228 823 841 849
3229 849 848 858
3230 857 809 856
3231 856 809 840
3232 847 839 889
3233 864 838 833
3234 838 820 833
3235 832 817 855
3236 801 829 860
3237 794 793 872
3238 872 793 854
3239 793 828 854
3240 828 815 854
3241 854 815 835
3242 835 792 827
3243 813 826 870
3244 824 790 852
3245 790 843 852
3246 852 843 851
3247 843 842 851
3248 842 810 850
3249 850 810 823
3250 849 841 848
3251 841 834 848
3252 840 808 847
3253 847 808 839
3254 833 819 837
3255 845 805 770
3256 844 797 832
3257 781 792 835
3258 827 791 853
3259 791 814 853
3260 853 814 813
3261 823 788 841
3262 809 808 840
3263 808 807 839
3264 839 807 838
3265 807 786 838
3266 838 786 820
3267 820 771 833
3268 837 819 818
3269 818 805 846
3270 797 796 832
3271 832 804 817
3272 817 831 836
3273 831 803 836
3274 836 803 830
3275 830 802 886
3276 886 802 816
3277 815 782 835
3278 782 781 835
3279 735 825 812
3280 843 811 842
3281 800 810 842
3282 841 788 834
3283 788 822 834
3284 857 821 809
3285 833 771 819
3286 806 760 818
3287 818 760 805
3288 874 770 797
3289 817 795 831
3290 803 802 830
3291 793 783 828
3292 828 783 815
3293 792 791 827
3294 813 780 826
3295 826 780 779
3296 778 668 812
3297 825 749 824
3298 824 748 790
3299 790 789 843
3300 843 789 811
3301 811 800 842
3302 810 788 823
3303 788 799 822
3304 808 773 807
3305 786 785 820
3306 820 785 771
3307 771 806 819
3308 819 806 818
3309 805 759 770
3310 796 769 832
3311 769 804 832
3312 804 795 817
3313 795 803 831
3314 802 801 816
3315 801 768 829
3316 768 767 829
3317 829 767 784
3318 792 758 791
3319 791 750 814
3320 814 750 813
3321 813 750 780
3322 668 735 812
3323 735 749 825
3324 810 764 788
3325 821 775 809
3326 775 774 809
3327 809 774 808
3328 773 722 807
3329 722 786 807
3330 771 798 806
3331 760 759 805
3332 796 730 769
3333 804 769 795
3334 795 753 803
3335 803 768 802
3336 802 768 801
3337 784 766 794
3338 815 783 782
3339 800 811 810
3340 764 777 788
3341 788 787 799
3342 774 773 808
3343 772 785 786
3344 798 760 806
3345 797 730 796
3346 769 739 795
3347 739 753 795
3348 767 737 784
3349 794 766 793
3350 793 766 783
3351 782 736 781
3352 781 758 792
3353 758 757 791
3354 757 717 791
3355 791 717 750
3356 750 669 780
3357 749 744 824
3358 744 748 824
3359 790 725 789
3360 811 764 810
3361 788 777 787
3362 777 776 787
3363 722 772 786
3364 785 746 771
3365 798 754 760
3366 770 730 797
3367 753 752 803
3368 803 752 768
3369 767 745 737
3370 784 737 766
3371 766 765 783
3372 783 736 782
3373 736 758 781
3374 758 726 757
3375 780 669 779
3376 669 684 779
3377 684 668 778
3378 764 716 777
3379 777 716 776
3380 716 763 776
3381 762 742 775
3382 775 742 774
3383 742 761 774
3384 774 761 773
3385 773 761 722
3386 772 746 785
3387 746 741 771
3388 771 741 798
3389 798 741 731
3390 798 731 754
3391 730 740 769
3392 740 739 769
3393 752 751 768
3394 768 751 767
3395 751 745 767
3396 766 719 765
3397 783 765 736
3398 748 700 790
3399 725 724 789
3400 811 694 764
3401 716 756 763
3402 762 755 742
3403 742 712 761
3404 722 732 772
3405 754 721 760
3406 759 730 770
3407 753 729 752
3408 729 728 752
3409 728 751 752
3410 736 726 758
3411 726 717 757
3412 700 725 790
3413 724 699 789
3414 789 699 811
3415 811 699 694
3416 716 747 756
3417 732 746 772
3418 731 721 754
3419 760 721 759
3420 759 704 730
3421 739 729 753
3422 728 738 751
3423 751 738 745
3424 738 720 745
3425 737 677 766
3426 677 727 766
3427 766 727 719
3428 750 717 669
3429 708 744 749
3430 748 744 700
3431 725 681 724
3432 764 694 716
3433 716 743 747
3434 712 722 761
3435 732 710 746
3436 746 705 741
3437 739 672 729
3438 745 720 737
3439 765 719 736
3440 719 702 736
3441 749 735 708
3442 716 714 743
3443 714 734 743
3444 755 733 742
3445 733 712 742
3446 711 732 722
3447 741 705 731
3448 721 690 759
3449 730 689 740
3450 740 672 739
3451 672 688 729
3452 729 687 728
3453 728 695 738
3454 720 677 737
3455 669 639 684
3456 725 700 681
3457 714 723 734
3458 712 706 722
3459 710 705 746
3460 705 709 731
3461 731 709 721
3462 690 704 759
3463 704 689 730
3464 688 687 729
3465 695 703 738
3466 738 703 720
3467 677 685 727
3468 727 685 719
3469 702 718 736
3470 736 718 726
3471 726 718 717
3472 718 669 717
3473 668 682 735
3474 681 699 724
3475 716 715 714
3476 714 692 723
3477 692 698 723
3478 733 713 712
3479 706 711 722
3480 710 696 705
3481 721 709 690
3482 687 695 728
3483 685 702 719
3484 702 701 718
3485 668 683 682
3486 735 682 708
3487 744 653 700
3488 653 681 700
3489 694 667 716
3490 716 667 715
3491 714 715 692
3492 713 707 712
3493 707 706 712
3494 706 664 711
3495 711 696 732
3496 732 696 710
3497 662 673 705
3498 705 673 709
3499 703 678 720
3500 720 686 677
3501 681 651 699
3502 637 667 694
3503 715 693 692
3504 707 697 706
3505 697 680 706
3506 696 662 705
3507 740 689 672
3508 695 679 703
3509 703 679 678
3510 678 686 720
3511 685 658 702
3512 702 657 701
3513 668 647 683
3514 651 694 699
3515 651 637 694
3516 715 667 693
3517 692 676 698
3518 697 691 680
3519 680 665 706
3520 706 665 664
3521 711 674 696
3522 674 663 696
3523 696 663 662
3524 709 673 690
3525 661 689 690
3526 690 689 704
3527 672 660 688
3528 687 642 695
3529 677 671 685
3530 658 657 702
3531 701 656 718
3532 684 655 668
3533 682 654 708
3534 744 708 653
3535 692 693 676
3536 664 674 711
3537 673 661 690
3538 672 644 660
3539 660 643 688
3540 688 643 687
3541 643 642 687
3542 642 649 695
3543 695 649 679
3544 678 659 686
3545 659 641 686
3546 641 677 686
3547 671 658 685
3548 657 656 701
3549 639 655 684
3550 683 620 682
3551 682 620 654
3552 653 630 681
3553 681 630 652
3554 681 652 651
3555 667 629 693
3556 691 675 680
3557 675 665 680
3558 665 627 664
3559 610 663 674
3560 649 614 679
3561 678 679 659
3562 641 671 677
3563 657 623 656
3564 656 670 718
3565 654 638 708
3566 708 638 653
3567 629 650 693
3568 693 650 676
3569 675 666 665
3570 664 627 674
3571 627 610 674
3572 662 626 673
3573 661 645 689
3574 689 644 672
3575 643 607 642
3576 614 648 679
3577 679 648 659
3578 658 623 657
3579 623 631 656
3580 656 640 670
3581 670 640 718
3582 718 640 669
3583 669 640 639
3584 668 655 647
3585 654 599 638
3586 637 629 667
3587 666 636 665
3588 636 635 665
3589 665 635 627
3590 663 610 662
3591 610 634 662
3592 662 634 626
3593 673 625 661
3594 661 595 645
3595 645 602 689
3596 689 602 644
3597 644 643 660
3598 648 641 659
3599 641 624 671
3600 671 632 658
3601 658 632 623
3602 647 620 683
3603 620 599 654
3604 638 619 653
3605 653 619 630
3606 630 604 652
3607 652 604 651
3608 637 598 629
3609 629 617 650
3610 666 646 636
3611 626 625 673
3612 625 595 661
3613 607 594 642
3614 642 593 649
3615 649 593 614
3616 614 633 648
3617 648 633 641
3618 671 624 632
3619 631 640 656
3620 604 618 651
3621 627 611 610
3622 626 615 625
3623 602 608 644
3624 644 608 643
3625 608 607 643
3626 594 593 642
3627 593 576 614
3628 633 606 641
3629 606 624 641
3630 640 551 639
3631 651 618 637
3632 618 598 637
3633 589 577 629
3634 577 617 629
3635 646 628 636
3636 628 597 636
3637 636 597 635
3638 635 597 627
3639 610 609 634
3640 595 602 645
3641 614 580 633
3642 606 605 624
3643 624 605 632
3644 623 622 631
3645 631 622 640
3646 647 621 620
3647 619 604 630
3648 598 589 629
3649 628 616 597
3650 597 611 627
3651 609 569 634
3652 634 569 626
3653 615 595 625
3654 623 632 622
3655 622 592 640
3656 621 599 620
3657 604 591 618
3658 577 613 617
3659 616 612 597
3660 611 596 610
3661 610 582 609
3662 626 569 615
3663 607 608 594
3664 576 562 614
3665 614 562 580
3666 580 606 633
3667 601 578 605
3668 605 578 632
3669 592 551 640
3670 600 621 647
3671 599 585 638
3672 638 585 619
3673 618 591 598
3674 577 603 613
3675 611 597 596
3676 596 582 610
3677 563 595 615
3678 580 579 606
3679 606 579 605
3680 579 575 605
3681 605 575 601
3682 622 574 592
3683 619 550 604
3684 604 590 591
3685 567 589 598
3686 577 588 603
3687 612 587 597
3688 597 583 596
3689 582 569 609
3690 569 563 615
3691 595 581 602
3692 576 524 562
3693 580 568 579
3694 575 578 601
3695 578 540 632
3696 632 540 622
3697 639 551 655
3698 621 586 599
3699 586 585 599
3700 598 591 567
3701 589 567 577
3702 577 566 588
3703 587 583 597
3704 583 564 596
3705 563 581 595
3706 608 556 594
3707 594 556 593
3708 556 576 593
3709 579 560 575
3710 574 551 592
3711 551 523 655
3712 655 523 647
3713 621 600 586
3714 550 590 604
3715 591 590 567
3716 566 573 588
3717 584 571 587
3718 587 571 583
3719 564 557 596
3720 596 557 582
3721 581 525 602
3722 602 525 608
3723 600 532 586
3724 585 550 619
3725 590 539 567
3726 571 564 583
3727 557 547 582
3728 547 569 582
3729 569 535 563
3730 525 556 608
3731 562 568 580
3732 568 561 579
3733 561 553 579
3734 579 553 560
3735 575 552 578
3736 622 540 574
3737 550 543 590
3738 567 559 577
3739 559 566 577
3740 584 572 571
3741 571 570 564
3742 563 546 581
3743 546 534 581
3744 533 525 581
3745 556 524 576
3746 560 545 575
3747 575 545 552
3748 578 544 540
3749 574 540 551
3750 532 531 586
3751 539 559 567
3752 566 538 573
3753 572 565 571
3754 565 548 571
3755 571 548 570
3756 547 535 569
3757 534 533 581
3758 562 555 568
3759 555 554 568
3760 568 554 561
3761 552 544 578
3762 647 479 600
3763 531 585 586
3764 585 511 550
3765 491 539 590
3766 559 518 566
3767 566 518 538
3768 565 558 548
3769 570 557 564
3770 521 547 557
3771 535 546 563
3772 524 555 562
3773 554 553 561
3774 553 545 560
3775 539 542 559
3776 558 549 548
3777 548 521 570
3778 570 521 557
3779 525 514 556
3780 514 524 556
3781 555 513 554
3782 554 513 553
3783 552 545 544
3784 540 483 551
3785 483 523 551
3786 479 504 600
3787 585 531 511
3788 550 511 543
3789 543 491 590
3790 510 542 539
3791 559 529 518
3792 549 541 548
3793 541 536 548
3794 536 521 548
3795 521 527 547
3796 535 506 546
3797 553 513 545
3798 600 512 532
3799 532 498 531
3800 531 519 511
3801 511 497 543
3802 497 491 543
3803 491 496 539
3804 510 490 542
3805 542 530 559
3806 530 529 559
3807 541 537 536
3808 537 528 536
3809 527 515 547
3810 515 520 547
3811 547 520 535
3812 507 506 535
3813 506 534 546
3814 524 464 555
3815 555 487 513
3816 523 479 647
3817 600 504 512
3818 496 510 539
3819 542 490 530
3820 518 522 538
3821 528 521 536
3822 520 507 535
3823 506 500 534
3824 534 526 533
3825 526 505 533
3826 533 505 525
3827 514 472 524
3828 464 487 555
3829 544 483 540
3830 512 498 532
3831 531 498 519
3832 529 530 509
3833 509 518 529
3834 521 494 527
3835 500 493 534
3836 534 473 526
3837 505 514 525
3838 513 544 545
3839 483 440 523
3840 440 439 523
3841 439 479 523
3842 504 492 512
3843 496 503 510
3844 490 502 530
3845 502 509 530
3846 518 517 522
3847 528 516 521
3848 516 508 521
3849 508 494 521
3850 494 515 527
3851 520 515 507
3852 534 493 473
3853 526 473 505
3854 472 464 524
3855 513 487 544
3856 512 492 498
3857 510 503 490
3858 509 476 518
3859 518 462 517
3860 462 495 517
3861 494 501 515
3862 515 501 507
3863 505 499 514
3864 519 486 511
3865 486 497 511
3866 502 482 509
3867 482 476 509
3868 501 488 507
3869 507 488 506
3870 488 480 506
3871 480 465 506
3872 506 465 500
3873 473 499 505
3874 499 460 514
3875 487 441 544
3876 544 344 483
3877 450 492 504
3878 498 486 519
3879 486 485 497
3880 491 458 496
3881 496 458 503
3882 490 482 502
3883 476 462 518
3884 500 465 493
3885 493 474 473
3886 492 478 498
3887 485 477 497
3888 497 477 491
3889 471 482 490
3890 508 489 494
3891 494 484 501
3892 484 481 501
3893 481 488 501
3894 465 474 493
3895 514 460 472
3896 441 415 544
3897 492 450 478
3898 478 486 498
3899 477 458 491
3900 503 434 471
3901 503 471 490
3902 476 457 462
3903 494 468 484
3904 481 480 488
3905 487 464 441
3906 486 436 485
3907 458 434 503
3908 489 468 494
3909 468 467 484
3910 467 481 484
3911 475 480 481
3912 472 423 464
3913 344 440 483
3914 439 438 479
3915 479 450 504
3916 471 470 482
3917 467 466 481
3918 466 475 481
3919 475 465 480
3920 474 442 473
3921 415 344 544
3922 479 459 450
3923 471 463 470
3924 482 470 476
3925 489 469 468
3926 468 454 467
3927 466 447 475
3928 447 452 475
3929 475 452 465
3930 465 451 474
3931 442 499 473
3932 460 407 472
3933 407 423 472
3934 486 478 436
3935 434 449 471
3936 449 463 471
3937 476 470 457
3938 469 461 468
3939 461 444 468
3940 468 444 454
3941 467 454 466
3942 454 447 466
3943 452 451 465
3944 380 407 460
3945 438 422 479
3946 422 459 479
3947 450 428 478
3948 457 433 462
3949 433 456 462
3950 461 455 444
3951 447 453 452
3952 451 442 474
3953 429 499 442
3954 423 441 464
3955 344 391 440
3956 428 437 478
3957 478 413 436
3958 485 427 477
3959 477 446 458
3960 458 446 434
3961 449 405 463
3962 463 405 470
3963 470 433 457
3964 433 419 456
3965 455 448 444
3966 444 431 454
3967 431 447 454
3968 447 430 453
3969 453 443 452
3970 443 417 452
3971 452 417 451
3972 417 442 451
3973 499 380 460
3974 440 402 439
3975 414 428 450
3976 478 437 413
3977 436 399 485
3978 399 427 485
3979 477 427 435
3980 435 421 477
3981 477 421 446
3982 446 412 434
3983 434 426 449
3984 449 425 405
3985 405 433 470
3986 448 445 444
3987 444 410 431
3988 431 430 447
3989 430 443 453
3990 394 380 499
3991 393 415 441
3992 403 344 415
3993 438 400 422
3994 428 413 437
3995 426 425 449
3996 445 432 444
3997 432 424 444
3998 444 424 410
3999 409 408 430
4000 430 408 443
4001 443 408 417
4002 442 417 416
4003 416 429 442
4004 429 394 499
4005 423 393 441
4006 403 371 344
4007 391 402 440
4008 402 401 439
4009 401 379 439
4010 439 379 438
4011 459 390 450
4012 413 399 436
4013 427 398 435
4014 421 412 446
4015 412 420 434
4016 434 420 426
4017 426 411 425
4018 431 410 430
4019 410 409 430
4020 384 416 417
4021 407 393 423
4022 422 390 459
4023 450 390 414
4024 399 398 427
4025 420 411 426
4026 425 411 405
4027 433 396 419
4028 419 376 404
4029 424 418 410
4030 416 373 429
4031 379 400 438
4032 422 400 390
4033 428 363 413
4034 435 369 421
4035 369 406 421
4036 421 406 412
4037 412 411 420
4038 405 396 433
4039 396 376 419
4040 410 386 409
4041 408 384 417
4042 373 394 429
4043 407 333 393
4044 393 392 415
4045 392 403 415
4046 391 343 402
4047 379 378 400
4048 390 354 414
4049 414 354 428
4050 413 363 399
4051 412 406 411
4052 389 397 411
4053 411 397 405
4054 418 395 410
4055 386 336 409
4056 409 336 408
4057 336 385 408
4058 384 383 416
4059 373 372 394
4060 394 381 380
4061 407 380 334
4062 362 349 398
4063 398 349 435
4064 349 369 435
4065 369 377 406
4066 406 389 411
4067 397 348 405
4068 405 348 396
4069 376 388 404
4070 388 375 404
4071 395 386 410
4072 385 384 408
4073 383 373 416
4074 333 392 393
4075 392 371 403
4076 344 314 391
4077 343 364 402
4078 402 364 401
4079 364 379 401
4080 311 378 379
4081 378 356 400
4082 400 356 390
4083 356 331 390
4084 354 363 428
4085 363 370 399
4086 399 362 398
4087 377 389 406
4088 348 376 396
4089 387 386 395
4090 384 366 383
4091 383 346 373
4092 373 359 372
4093 372 382 394
4094 394 382 381
4095 380 324 334
4096 314 343 391
4097 331 355 390
4098 390 355 354
4099 354 329 363
4100 370 362 399
4101 376 368 388
4102 388 368 375
4103 387 374 386
4104 374 336 386
4105 385 336 384
4106 336 366 384
4107 366 346 383
4108 372 365 382
4109 382 365 381
4110 381 324 380
4111 345 333 407
4112 343 357 364
4113 364 311 379
4114 363 353 370
4115 369 352 377
4116 389 348 397
4117 376 361 368
4118 368 367 375
4119 346 359 373
4120 372 359 365
4121 365 358 381
4122 381 358 324
4123 334 345 407
4124 392 332 371
4125 314 313 343
4126 349 352 369
4127 377 340 389
4128 348 361 376
4129 368 361 339
4130 368 339 367
4131 339 338 367
4132 374 360 336
4133 360 347 336
4134 336 350 366
4135 366 350 346
4136 359 335 365
4137 335 358 365
4138 371 332 344
4139 343 312 357
4140 357 311 364
4141 378 342 356
4142 356 287 331
4143 331 330 355
4144 355 330 354
4145 329 353 363
4146 362 370 349
4147 377 352 340
4148 352 328 340
4149 340 348 389
4150 360 351 347
4151 346 317 359
4152 317 335 359
4153 345 269 333
4154 333 332 392
4155 344 305 314
4156 311 342 378
4157 342 287 356
4158 330 329 354
4159 370 320 349
4160 349 341 352
4161 336 326 350
4162 326 325 350
4163 325 346 350
4164 335 316 358
4165 343 321 312
4166 303 311 357
4167 331 255 330
4168 353 284 370
4169 370 302 320
4170 349 320 341
4171 340 310 348
4172 310 361 348
4173 361 299 339
4174 337 336 347
4175 336 327 326
4176 325 318 346
4177 318 317 346
4178 316 295 358
4179 295 294 358
4180 334 292 345
4181 332 290 344
4182 344 290 305
4183 313 304 343
4184 304 321 343
4185 311 288 342
4186 288 287 342
4187 329 275 353
4188 284 302 370
4189 341 300 352
4190 352 300 328
4191 328 310 340
4192 299 298 339
4193 339 298 338
4194 337 327 336
4195 317 307 335
4196 335 307 316
4197 294 324 358
4198 293 315 324
4199 315 306 324
4200 324 306 334
4201 306 270 334
4202 270 292 334
4203 292 269 345
4204 333 269 291
4205 333 291 332
4206 291 323 332
4207 321 277 312
4208 312 303 357
4209 287 286 331
4210 330 255 329
4211 329 255 275
4212 275 284 353
4213 341 283 300
4214 218 274 310
4215 310 274 361
4216 274 299 361
4217 337 319 327
4218 319 309 327
4219 327 309 326
4220 326 309 325
4221 309 308 325
4222 308 318 325
4223 318 307 317
4224 294 293 324
4225 269 260 291
4226 323 279 332
4227 305 322 314
4228 314 289 313
4229 321 304 277
4230 286 265 331
4231 331 265 255
4232 275 285 284
4233 320 302 252
4234 320 283 341
4235 328 300 310
4236 308 296 318
4237 318 296 307
4238 307 262 316
4239 262 295 316
4240 293 281 315
4241 281 306 315
4242 268 260 269
4243 291 244 323
4244 279 222 332
4245 222 181 332
4246 332 181 290
4247 305 290 322
4248 313 289 304
4249 277 267 312
4250 312 267 303
4251 303 276 311
4252 311 276 288
4253 320 252 283
4254 283 301 300
4255 218 251 274
4256 319 297 309
4257 297 272 309
4258 309 272 308
4259 308 271 296
4260 296 282 307
4261 282 262 307
4262 295 261 294
4263 261 232 294
4264 294 232 293
4265 281 270 306
4266 270 224 292
4267 292 280 269
4268 323 243 279
4269 322 278 314
4270 314 278 289
4271 289 242 304
4272 304 258 277
4273 267 276 303
4274 256 287 288
4275 287 266 286
4276 255 254 275
4277 284 230 302
4278 230 252 302
4279 252 237 283
4280 283 237 301
4281 301 264 300
4282 300 264 310
4283 264 218 310
4284 299 236 298
4285 272 271 308
4286 271 247 296
4287 247 282 296
4288 262 261 295
4289 232 246 293
4290 246 281 293
4291 224 280 292
4292 260 208 291
4293 208 244 291
4294 244 243 323
4295 181 158 290
4296 290 221 322
4297 322 221 278
4298 277 241 267
4299 267 257 276
4300 276 256 288
4301 287 240 266
4302 286 266 265
4303 275 238 285
4304 285 253 284
4305 253 230 284
4306 273 272 297
4307 272 227 271
4308 262 233 261
4309 246 245 281
4310 281 245 270
4311 245 224 270
4312 279 243 222
4313 278 221 289
4314 221 242 289
4315 304 259 258
4316 258 241 277
4317 257 256 276
4318 256 240 287
4319 239 265 266
4320 254 220 275
4321 220 238 275
4322 238 253 285
4323 230 219 252
4324 237 229 301
4325 229 264 301
4326 251 228 274
4327 274 228 299
4328 228 236 299
4329 236 216 298
4330 298 216 250
4331 273 263 272
4332 263 248 272
4333 248 227 272
4334 227 234 271
4335 271 234 247
4336 280 183 269
4337 269 183 268
4338 183 260 268
4339 208 223 244
4340 290 158 192
4341 242 259 304
4342 258 259 241
4343 267 241 257
4344 240 239 266
4345 265 239 255
4346 253 231 230
4347 237 201 229
4348 264 189 218
4349 263 249 248
4350 234 225 247
4351 247 195 282
4352 282 233 262
4353 233 211 261
4354 211 232 261
4355 246 209 245
4356 194 224 245
4357 193 280 224
4358 193 183 280
4359 183 208 260
4360 192 221 290
4361 242 207 259
4362 241 206 257
4363 239 204 255
4364 255 204 254
4365 204 220 254
4366 238 203 253
4367 203 231 253
4368 252 219 237
4369 229 189 264
4370 218 217 251
4371 217 228 251
4372 216 215 250
4373 249 235 248
4374 235 197 248
4375 227 226 234
4376 195 233 282
4377 232 210 246
4378 210 209 246
4379 209 194 245
4380 223 159 244
4381 244 159 243
4382 222 182 181
4383 221 179 242
4384 242 179 207
4385 259 155 241
4386 155 178 241
4387 178 206 241
4388 257 205 256
4389 256 177 240
4390 240 175 239
4391 239 175 204
4392 230 202 219
4393 219 201 237
4394 200 189 229
4395 217 139 228
4396 228 138 236
4397 236 138 216
4398 248 197 227
4399 226 196 234
4400 234 196 225
4401 225 212 247
4402 247 212 195
4403 211 164 232
4404 232 164 210
4405 210 184 209
4406 144 208 183
4407 243 159 222
4408 192 180 221
4409 206 154 257
4410 154 205 257
4411 205 177 256
4412 177 175 240
4413 204 191 220
4414 220 191 238
4415 238 191 203
4416 231 173 230
4417 173 202 230
4418 201 200 229
4419 218 188 217
4420 139 171 228
4421 228 171 138
4422 235 214 197
4423 197 213 227
4424 227 213 226
4425 213 196 226
4426 196 212 225
4427 195 166 233
4428 233 166 211
4429 166 165 211
4430 194 163 224
4431 224 163 193
4432 208 161 223
4433 159 182 222
4434 181 116 158
4435 221 180 179
4436 207 156 259
4437 177 153 175
4438 141 191 204
4439 191 174 203
4440 203 173 231
4441 202 190 219
4442 172 201 219
4443 189 188 218
4444 188 139 217
4445 138 128 216
4446 216 199 215
4447 214 198 197
4448 197 150 213
4449 150 196 213
4450 196 185 212
4451 185 167 212
4452 212 167 195
4453 165 164 211
4454 164 134 210
4455 210 134 184
4456 184 147 209
4457 209 147 194
4458 146 183 193
4459 144 162 208
4460 162 161 208
4461 182 116 181
4462 178 143 206
4463 143 154 206
4464 154 142 205
4465 176 153 177
4466 175 141 204
4467 174 130 203
4468 203 130 173
4469 173 190 202
4470 219 190 172
4471 201 172 200
4472 172 101 200
4473 129 139 188
4474 128 187 216
4475 216 187 199
4476 198 186 197
4477 186 150 197
4478 150 169 196
4479 169 185 196
4480 195 167 166
4481 165 135 164
4482 184 148 147
4483 147 163 194
4484 163 146 193
4485 161 160 223
4486 223 160 159
4487 160 182 159
4488 158 114 192
4489 192 114 180
4490 179 156 207
4491 156 155 259
4492 205 142 177
4493 153 107 175
4494 107 141 175
4495 191 105 174
4496 130 152 173
4497 200 100 189
4498 189 100 188
4499 100 129 188
4500 186 170 150
4501 169 168 185
4502 185 168 167
4503 134 148 184
4504 120 146 163
4505 146 145 183
4506 145 144 183
4507 144 133 162
4508 160 117 182
4509 182 117 116
4510 114 113 180
4511 180 157 179
4512 179 157 156
4513 155 156 178
4514 177 142 176
4515 141 131 191
4516 131 105 191
4517 152 140 173
4518 173 140 190
4519 190 102 172
4520 200 101 100
4521 139 99 171
4522 99 138 171
4523 128 137 187
4524 137 136 187
4525 170 151 150
4526 150 127 169
4527 127 149 169
4528 149 126 169
4529 169 126 168
4530 126 125 168
4531 168 124 167
4532 167 124 166
4533 124 123 166
4534 166 123 165
4535 123 135 165
4536 134 121 148
4537 121 147 148
4538 147 120 163
4539 162 132 161
4540 116 115 158
4541 158 115 114
4542 180 112 157
4543 156 110 178
4544 110 143 178
4545 143 109 154
4546 109 142 154
4547 142 108 176
4548 176 108 153
4549 153 108 107
4550 105 130 174
4551 130 104 152
4552 152 103 140
4553 140 102 190
4554 102 101 172
4555 99 98 138
4556 151 127 150
4557 125 124 168
4558 135 122 164
4559 164 122 134
4560 120 119 146
4561 146 119 145
4562 119 118 145
4563 145 118 144
4564 118 133 144
4565 180 113 112
4566 157 111 156
4567 156 111 110
4568 107 28 141
4569 141 106 131
4570 131 23 105
4571 139 129 99
4572 98 97 138
4573 138 97 128
4574 128 97 137
4575 97 96 137
4576 137 95 136
4577 123 122 135
4578 122 121 134
4579 147 121 120
4580 162 133 132
4581 161 132 160
4582 160 62 117
4583 116 58 115
4584 110 43 143
4585 43 42 143
4586 143 42 109
4587 28 106 141
4588 131 106 23
4589 105 23 130
4590 130 20 104
4591 104 103 152
4592 100 9 129
4593 137 96 95
4594 94 93 127
4595 93 92 127
4596 127 92 149
4597 92 91 149
4598 91 90 149
4599 149 90 126
4600 90 89 126
4601 89 88 126
4602 126 88 125
4603 88 87 125
4604 87 86 125
4605 86 85 125
4606 125 85 124
4607 85 84 124
4608 84 83 124
4609 124 83 123
4610 83 82 123
4611 123 82 122
4612 82 81 122
4613 81 80 122
4614 122 80 121
4615 80 79 121
4616 79 78 121
4617 78 77 121
4618 121 77 120
4619 77 76 120
4620 76 75 120
4621 75 74 120
4622 74 73 120
4623 120 73 119
4624 73 72 119
4625 72 71 119
4626 119 71 118
4627 71 70 118
4628 70 69 118
4629 69 68 118
4630 68 67 118
4631 67 66 118
4632 66 65 118
4633 118 65 133
4634 65 64 133
4635 132 63 160
4636 63 62 160
4637 62 61 117
4638 61 60 117
4639 60 59 117
4640 117 59 116
4641 59 58 116
4642 58 57 115
4643 57 56 115
4644 56 55 115
4645 115 55 114
4646 55 54 114
4647 114 54 113
4648 54 53 113
4649 53 52 113
4650 52 51 113
4651 113 51 112
4652 51 50 112
4653 112 50 157
4654 50 49 157
4655 49 48 157
4656 157 48 111
4657 48 47 111
4658 47 46 111
4659 46 45 111
4660 111 45 110
4661 45 44 110
4662 44 43 110
4663 42 41 109
4664 41 40 109
4665 40 39 109
4666 39 38 109
4667 38 37 109
4668 109 37 142
4669 37 36 142
4670 36 35 142
4671 142 35 108
4672 35 34 108
4673 34 33 108
4674 33 32 108
4675 108 32 107
4676 32 31 107
4677 31 30 107
4678 30 29 107
4679 107 29 28
4680 28 27 106
4681 27 26 106
4682 26 25 106
4683 25 24 106
4684 106 24 23
4685 23 22 130
4686 22 21 130
4687 130 21 20
4688 20 19 104
4689 19 18 104
4690 104 18 103
4691 18 17 103
4692 17 16 103
4693 103 16 140
4694 16 15 140
4695 15 14 140
4696 140 14 102
4697 14 13 102
4698 102 13 12
4699 12 11 102
4700 102 11 101
4701 11 10 101
4702 101 10 100
4703 10 9 100
4704 129 9 99
4705 9 8 99
4706 8 7 99
4707 99 7 98
4708 7 6 98
4709 6 5 98
4710 98 5 97
4711 5 4 97
4712 4 3 97
4713 3 2 97
4714 97 2 96
4715 96 1 95
