2606
1 15660 90 2505
2 15170 90 2531
3 14849 91 2653
4 14760 90 2658
5 14670 90 2695
6 14580 90 2699
7 14425 90 2675
8 14310 90 2586
9 14048 90 2500
10 13513 90 2272
11 12932 90 2131
12 12357 90 1909
13 12195 90 1928
14 12060 90 1907
15 11957 91 1914
16 11790 90 1985
17 11608 90 1931
18 11520 90 1920
19 11430 90 1896
20 11344 90 1899
21 11155 91 1868
22 10980 90 1904
23 10674 90 2052
24 10530 90 2014
25 10440 90 2011
26 10350 90 2030
27 10183 90 2024
28 10127 91 2055
29 9990 90 2017
30 9900 90 2002
31 9810 90 1976
32 9720 90 1987
33 9476 90 2140
34 9360 90 2159
35 9270 90 2233
36 9173 90 2213
37 9000 90 2099
38 8836 92 2075
39 8730 90 2029
40 8640 90 1990
41 8550 90 1982
42 8443 91 1949
43 8191 90 1860
44 8098 90 1855
45 7836 90 1729
46 7674 90 1732
47 7560 90 1732
48 7470 90 1721
49 7291 90 1769
50 7200 90 1762
51 7027 90 1771
52 6775 90 1743
53 6670 90 1734
54 6480 90 1795
55 6302 90 1722
56 6210 90 1724
57 5879 90 1760
58 5601 90 1892
59 5490 90 1900
60 5262 91 1831
61 5104 90 1753
62 4947 90 1683
63 4635 90 1719
64 3942 90 1815
65 3674 90 1864
66 3512 93 1919
67 3330 90 1939
68 3240 90 1941
69 3150 90 1975
70 3060 90 1978
71 2970 90 1972
72 2880 90 2039
73 2707 96 2116
74 2610 90 2076
75 2520 90 2038
76 2430 90 2038
77 2366 90 2082
78 2160 90 2180
79 1996 90 2286
80 1782 91 2320
81 1538 91 2440
82 1440 90 2442
83 1321 90 2399
84 1170 90 2463
85 1006 90 2490
86 900 90 2514
87 726 90 2678
88 630 90 2691
89 540 90 2711
90 450 90 2713
91 269 90 2756
92 180 90 2824
93 90 90 2831
94 0 90 2818
95 15659 204 2488
96 15502 90 2498
97 14927 243 2569
98 14691 260 2667
99 14497 392 2687
100 13802 281 2410
101 13271 451 2177
102 12435 269 1938
103 11719 277 1919
104 11474 280 1825
105 10842 512 1984
106 10402 236 1944
107 10020 431 1884
108 9594 312 2049
109 8798 297 1973
110 8125 274 1838
111 7754 181 1726
112 7043 258 1762
113 6781 351 1684
114 6481 361 1758
115 6208 300 1691
116 5789 364 1751
117 5418 339 1839
118 3320 193 1896
119 2896 257 1944
120 2565 256 1998
121 2009 221 2286
122 1694 192 2380
123 1380 258 2414
124 1198 285 2357
125 877 225 2547
126 607 245 2593
127 0 180 2832
128 15039 402 2527
129 14102 346 2497
130 11317 420 1802
131 10493 358 1969
132 4297 90 1784
133 4111 91 1774
134 1817 479 2269
135 1518 390 2302
136 15658 422 2501
137 15406 400 2531
138 14862 565 2537
139 14439 642 2725
140 11953 356 1835
141 10270 477 1866
142 9279 468 2195
143 8426 377 1861
144 3734 511 1854
145 3284 415 1960
146 2953 480 2014
147 2217 468 2167
148 1977 416 2309
149 434 305 2629
150 121 539 2747
151 0 285 2815
152 11636 507 1872
153 9617 506 2006
154 8802 585 2056
155 7982 586 1767
156 7598 447 1738
157 7417 343 1686
158 6348 684 1649
159 5313 747 1751
160 4859 385 1667
161 4472 552 1741
162 4199 567 1842
163 2598 673 2178
164 1764 636 2274
165 1487 610 2180
166 1295 561 2309
167 1145 591 2263
168 931 445 2373
169 407 481 2599
170 0 450 2760
171 14674 655 2616
172 12766 603 2124
173 11728 674 1806
174 11193 555 1887
175 10070 868 1911
176 9488 590 2088
177 9449 745 2125
178 8216 526 1829
179 7122 708 1660
180 6870 539 1686
181 6020 997 1641
182 5518 600 1821
183 3501 710 1853
184 2059 629 2298
185 703 580 2503
186 0 540 2743
187 15660 566 2486
188 14101 713 2619
189 13818 854 2591
190 12268 559 1948
191 10787 714 1895
192 6545 906 1656
193 2966 749 2009
194 2433 781 2208
195 1193 800 2190
196 426 686 2661
197 89 777 2790
198 0 630 2735
199 15660 720 2509
200 13386 776 2310
201 12985 769 2112
202 12233 853 2005
203 11309 878 1749
204 10436 945 1773
205 9124 764 2017
206 8639 789 1984
207 7633 832 1734
208 4452 1023 1748
209 2210 815 2133
210 1935 817 2160
211 1649 842 2241
212 955 750 2343
213 332 718 2743
214 0 720 2751
215 15659 866 2495
216 15382 973 2537
217 14427 930 2712
218 14254 1133 2592
219 12703 889 2038
220 10827 1023 1812
221 7013 984 1640
222 5631 1146 1643
223 4875 863 1666
224 2885 1047 1951
225 804 891 2475
226 412 823 2626
227 347 923 2692
228 14758 993 2575
229 13487 1107 2358
230 12139 1168 1908
231 11691 964 1823
232 2055 1105 2107
233 1460 955 2117
234 670 1005 2481
235 0 896 2797
236 15130 1145 2587
237 13111 1230 2187
238 11087 1133 1710
239 10175 1015 1841
240 9772 1038 1956
241 8368 1050 1924
242 7628 1115 1792
243 5335 1081 1748
244 5083 1248 1640
245 2438 1136 2061
246 2229 1102 2030
247 1085 1114 2322
248 166 949 2712
249 0 990 2800
250 15658 1155 2498
251 14562 1182 2629
252 12834 1319 2070
253 11647 1155 1873
254 10746 1283 1731
255 10527 1382 1801
256 9383 1206 2054
257 8791 1103 1885
258 8063 1233 1785
259 8049 980 1879
260 4370 1190 1775
261 1905 1185 2033
262 1437 1338 2279
263 0 1080 2815
264 13791 1254 2514
265 10257 1271 1898
266 9999 1261 1912
267 8480 1326 1791
268 4140 1396 1735
269 4090 1597 1687
270 2935 1414 1902
271 708 1258 2523
272 274 1312 2785
273 0 1170 2853
274 14753 1593 2520
275 11062 1587 1679
276 8876 1264 1939
277 8248 1484 1789
278 7181 1299 1731
279 5431 1311 1664
280 3440 1187 1790
281 2528 1355 2056
282 1238 1300 2397
283 13213 1523 2213
284 11813 1572 1801
285 11516 1433 1812
286 10122 1417 1799
287 9794 1639 1798
288 9300 1537 1964
289 7446 1362 1715
290 6543 1425 1611
291 4843 1558 1642
292 3422 1611 1754
293 2418 1612 1975
294 2107 1536 1963
295 1815 1523 2156
296 993 1351 2496
297 0 1260 2885
298 15659 1592 2488
299 15087 1448 2538
300 13619 1561 2367
301 13475 1393 2409
302 12359 1564 1908
303 8701 1589 1803
304 7899 1501 1710
305 6691 1695 1607
306 2692 1491 1967
307 1332 1478 2264
308 627 1476 2658
309 229 1470 2848
310 14135 1618 2531
311 9120 1928 1819
312 8266 1834 1688
313 7744 1829 1635
314 7264 1762 1600
315 2606 1532 2047
316 1790 1673 2079
317 1297 1754 2401
318 936 1583 2559
319 0 1519 2911
320 12846 1692 2058
321 8094 1707 1744
322 6957 1471 1690
323 5198 1563 1695
324 2706 1949 1859
325 717 1688 2514
326 373 1676 2710
327 118 1624 2797
328 13720 1745 2413
329 11019 1965 1661
330 10626 1836 1723
331 10267 1899 1691
332 5497 1753 1603
333 4513 2011 1651
334 3219 2009 1797
335 1626 1883 2236
336 382 2107 2748
337 5 1704 2926
338 15659 2026 2487
339 15490 2054 2515
340 14076 2032 2478
341 13242 1798 2102
342 9569 1872 1752
343 8093 2185 1636
344 7009 2894 1566
345 3802 1903 1734
346 1142 1937 2287
347 5 1825 2953
348 14632 1982 2530
349 12888 2059 2023
350 541 1963 2614
351 0 1890 2940
352 13518 1960 2239
353 11349 1899 1760
354 10818 2339 1633
355 10601 2063 1731
356 9843 2119 1718
357 8533 1925 1725
358 2233 1875 1958
359 1695 2087 2180
360 0 1980 2888
361 15085 1910 2499
362 12419 2213 1896
363 11506 2527 1768
364 8605 2216 1684
365 2040 2072 2068
366 965 2141 2491
367 15660 2160 2474
368 15434 2247 2477
369 13371 2476 2172
370 11984 1972 1872
371 6259 2473 1584
372 1864 2302 2143
373 1733 2398 2058
374 1 2163 2828
375 15660 2313 2495
376 15303 2433 2507
377 13587 2217 2267
378 9547 2131 1713
379 9350 2573 1594
380 3004 2671 1863
381 2451 2254 1917
382 2046 2238 2023
383 1185 2314 2362
384 1068 2379 2366
385 783 2394 2537
386 298 2415 2574
387 0 2250 2762
388 15485 2398 2512
389 14163 2316 2361
390 10457 2583 1634
391 7869 2756 1573
392 5255 2219 1617
393 4764 2555 1665
394 2399 2510 1950
395 2 2362 2761
396 15029 2568 2529
397 14361 2471 2473
398 12805 2614 1978
399 12313 2632 1830
400 9857 2634 1615
401 8839 2621 1582
402 8329 2550 1651
403 5878 2566 1619
404 15659 2735 2497
405 14652 2820 2531
406 13629 2511 2209
407 3887 2604 1748
408 912 2671 2346
409 679 2698 2390
410 282 2695 2545
411 14257 2622 2421
412 13803 2675 2295
413 11788 2877 1767
414 10743 2743 1611
415 5755 2944 1621
416 1520 2683 2237
417 1145 2792 2209
418 5 2616 2689
419 15659 3020 2519
420 13988 2749 2289
421 13553 2805 2145
422 9954 2867 1631
423 4562 3019 1689
424 0 2707 2706
425 14436 2810 2408
426 14187 2873 2365
427 12671 2940 1940
428 11022 2622 1699
429 2115 2809 2004
430 770 2885 2425
431 401 2904 2570
432 0 2790 2716
433 15122 2888 2510
434 14048 3268 2187
435 13188 2862 2044
436 12176 3278 1735
437 11359 3074 1716
438 9575 3002 1596
439 8926 3243 1552
440 8395 3530 1545
441 5489 3372 1631
442 1858 3029 2055
443 1079 2958 2278
444 109 3083 2729
445 0 2880 2746
446 13691 3035 2140
447 843 3120 2324
448 0 2970 2762
449 14278 3027 2301
450 10619 3338 1600
451 1454 3116 2178
452 1085 3132 2359
453 951 3022 2295
454 424 3119 2571
455 0 3060 2788
456 15660 3186 2522
457 15349 3290 2523
458 13677 3436 2096
459 10269 3007 1601
460 3536 3470 1788
461 0 3150 2826
462 15659 3549 2514
463 14430 3218 2403
464 4931 3676 1654
465 1603 3479 2110
466 750 3294 2376
467 480 3337 2440
468 167 3332 2609
469 0 3240 2746
470 14730 3252 2553
471 14366 3505 2311
472 4364 3830 1697
473 2510 3823 1930
474 1918 3466 2086
475 932 3345 2370
476 15069 3599 2559
477 13258 3327 1958
478 11390 3375 1658
479 9769 3808 1574
480 1337 3511 2153
481 850 3479 2428
482 14770 3605 2579
483 7938 4148 1554
484 665 3560 2480
485 12619 3383 1835
486 11908 3562 1737
487 5463 3861 1623
488 1356 3692 2186
489 1 3346 2737
490 14655 4126 2482
491 13442 4105 1986
492 10965 3823 1606
493 2153 3837 1995
494 406 3737 2609
495 15659 3915 2522
496 13719 4045 2115
497 12884 3973 1857
498 11466 3935 1641
499 2896 3408 1875
500 1972 4037 1975
501 980 3741 2265
502 14939 4007 2603
503 14139 3854 2185
504 10715 4134 1562
505 3227 4077 1808
506 1827 4194 2020
507 1325 3977 2108
508 0 3877 2499
509 15113 4076 2587
510 14291 4224 2308
511 12353 4372 1746
512 11126 4068 1670
513 5884 4225 1597
514 3939 4186 1720
515 771 4007 2397
516 0 3960 2498
517 15660 4050 2544
518 15457 4388 2571
519 12016 4089 1749
520 955 4115 2262
521 300 4211 2344
522 15660 4185 2541
523 9427 4542 1534
524 4888 4525 1631
525 3776 4664 1732
526 2785 4106 1855
527 649 4181 2430
528 8 4154 2553
529 15081 4315 2549
530 14877 4208 2453
531 11692 4480 1680
532 11173 4533 1599
533 2973 4379 1857
534 2353 4258 1936
535 1437 4511 2068
536 175 4310 2421
537 0 4230 2547
538 15659 4518 2558
539 14330 4608 2240
540 7145 4651 1569
541 0 4320 2491
542 14610 4381 2327
543 13172 4547 1885
544 6545 4271 1583
545 6248 4354 1598
546 2022 4420 2006
547 822 4438 2262
548 255 4523 2461
549 0 4410 2514
550 13101 4959 1825
551 8355 5037 1543
552 6427 4703 1752
553 5930 4479 1697
554 5655 4555 1708
555 5381 4443 1610
556 4642 4707 1646
557 778 4693 2166
558 0 4500 2555
559 14892 4552 2397
560 6153 4819 1724
561 5847 4711 1718
562 5302 4877 1730
563 2122 4916 1946
564 544 4845 2342
565 0 4590 2562
566 15328 4748 2516
567 14832 4861 2292
568 5631 4715 1709
569 1711 4992 1988
570 417 4641 2335
571 150 4762 2439
572 0 4680 2553
573 15659 4855 2586
574 7651 4895 1591
575 6280 5003 1814
576 5128 5035 1710
577 15262 5109 2437
578 6796 4962 1649
579 5985 5032 1847
580 5613 5085 1772
581 2927 4842 1832
582 1147 4921 2084
583 291 4918 2438
584 5 4772 2528
585 12173 4808 1736
586 11735 4911 1679
587 2 4954 2555
588 15658 5117 2621
589 14958 5289 2390
590 13923 4898 2059
591 13983 5172 2010
592 7930 5313 1604
593 5097 5442 1875
594 4712 5227 1737
595 2840 5254 1840
596 762 5109 2207
597 185 5209 2498
598 14615 5398 2214
599 11844 5435 1684
600 10795 4785 1567
601 6673 5150 1692
602 3783 5196 1737
603 15660 5220 2614
604 13486 5411 1892
605 6591 5336 1793
606 5924 5304 1932
607 4617 5489 1789
608 4383 5205 1669
609 1475 5250 2092
610 921 5471 2159
611 478 5338 2304
612 1 5212 2441
613 15659 5458 2622
614 5580 5714 2012
615 2441 5317 1889
616 0 5310 2393
617 15658 5620 2612
618 13981 5407 2044
619 12700 5441 1765
620 11363 5557 1616
621 11192 5249 1582
622 7326 5175 1633
623 7300 5548 1624
624 6465 5577 1732
625 2748 5450 1890
626 1957 5521 1992
627 430 5625 2282
628 0 5400 2389
629 15247 5759 2510
630 13132 5585 1860
631 7626 5680 1571
632 7022 5471 1644
633 5782 5503 1906
634 1613 5571 2078
635 276 5572 2263
636 138 5570 2336
637 14434 5844 2187
638 12325 5620 1703
639 9371 5792 1524
640 8335 5539 1543
641 6214 5691 1786
642 5106 5755 1880
643 4663 5808 1794
644 4240 5637 1678
645 3463 5716 1766
646 1 5507 2336
647 10564 5419 1533
648 5862 5755 1913
649 5468 5815 1969
650 15659 5838 2694
651 13867 5929 1988
652 13387 5875 1847
653 12632 5921 1766
654 11710 5981 1618
655 9874 5530 1518
656 7828 5880 1611
657 7501 6012 1638
658 7056 5868 1729
659 6090 5865 1839
660 4522 5933 1831
661 2803 5823 1854
662 1815 6015 1932
663 1405 5804 2065
664 522 6002 2143
665 206 5866 2143
666 0 5732 2192
667 14912 6087 2390
668 10850 6725 1521
669 9207 6686 1516
670 8299 5785 1591
671 6534 5828 1746
672 4120 6252 1759
673 2110 5899 1945
674 1072 5963 2107
675 0 5850 2193
676 15659 5945 2686
677 6544 6391 1856
678 5923 6117 1982
679 5727 5975 1939
680 96 6033 2240
681 13446 6265 1865
682 11380 6177 1584
683 10923 6023 1562
684 10038 6802 1509
685 6855 6184 1764
686 6276 6086 1825
687 5023 6235 1930
688 4615 6305 1905
689 3534 6034 1717
690 2659 6237 1745
691 0 6028 2268
692 15524 6300 2475
693 15506 6019 2651
694 14665 6561 2231
695 5528 6338 2173
696 1217 6155 1995
697 0 6120 2264
698 15659 6235 2546
699 14116 6521 2027
700 12882 6472 1772
701 7725 6168 1659
702 7456 6338 1682
703 5679 6304 2107
704 3115 6223 1745
705 2019 6408 1811
706 288 6264 2067
707 0 6210 2241
708 11936 6202 1670
709 2283 6229 1783
710 1440 6435 1974
711 672 6271 2143
712 185 6510 2124
713 0 6300 2246
714 15348 6462 2358
715 15193 6307 2436
716 15138 6668 2298
717 8422 6676 1588
718 8185 6107 1550
719 7051 6553 1818
720 6082 6407 1922
721 2609 6630 1895
722 766 6658 1992
723 15660 6480 2517
724 13763 6732 1906
725 13239 6758 1776
726 7940 6691 1694
727 6754 6570 1917
728 5340 6503 2175
729 4933 6620 1972
730 3722 6780 1846
731 2294 6764 1883
732 1270 6667 1906
733 0 6430 2192
734 15660 6570 2517
735 11502 6789 1590
736 7534 6730 1709
737 6396 6770 1982
738 5616 6583 2043
739 4313 6713 1854
740 3975 6542 1797
741 2090 6768 1959
742 125 6723 2084
743 15660 6660 2546
744 12336 6494 1683
745 6047 6782 2037
746 1857 6675 1814
747 15660 6750 2552
748 12916 7074 1723
749 12027 6940 1626
750 8797 7077 1522
751 5567 6861 2080
752 5241 6865 2188
753 4871 6989 2012
754 2480 6871 1975
755 2 6595 2105
756 15660 6840 2600
757 8215 6990 1697
758 7791 7040 1818
759 2973 6883 1862
760 2617 7005 1944
761 573 6780 2039
762 0 6840 2055
763 15660 6930 2610
764 14914 6970 2174
765 7154 6826 1875
766 6639 6915 2003
767 6152 7090 1915
768 5667 7074 1998
769 4283 7078 1915
770 3306 7354 1954
771 1922 7226 1915
772 1527 6904 1941
773 807 6998 2028
774 307 7040 2134
775 0 7025 2041
776 15660 7020 2598
777 15211 7059 2347
778 10969 7838 1497
779 9634 7506 1506
780 9223 7230 1588
781 7633 7144 1776
782 7474 7182 1853
783 7059 7096 1921
784 6497 7355 1847
785 1794 7132 1846
786 1633 7279 1874
787 15660 7110 2560
788 15288 7256 2297
789 13896 7150 1929
790 13275 7308 1769
791 8217 7201 1647
792 7925 7340 1700
793 6835 7306 1839
794 6672 7366 1876
795 4769 7278 2144
796 4142 7284 1983
797 3860 7399 1959
798 2287 7046 2081
799 15657 7199 2550
800 14347 7280 1959
801 5860 7336 2051
802 5458 7224 2136
803 5150 7137 2179
804 4503 7282 2015
805 2903 7318 1952
806 2485 7156 2059
807 1311 7376 1949
808 729 7301 1934
809 198 7399 1995
810 14700 7291 2040
811 14238 7089 2022
812 11456 7487 1542
813 8872 7364 1578
814 8545 7438 1608
815 7289 7390 1796
816 5750 7335 2028
817 4652 7457 2164
818 2578 7493 2105
819 2309 7329 1984
820 1868 7424 1985
821 0 7263 2004
822 15660 7380 2570
823 15162 7574 2337
824 12514 7531 1620
825 12047 7664 1593
826 9460 7626 1549
827 8184 7598 1579
828 6991 7496 1813
829 6146 7336 1954
830 5316 7490 2012
831 4975 7342 2196
832 4366 7501 2126
833 2095 7698 2138
834 15658 7473 2574
835 7762 7760 1606
836 5137 7833 1993
837 2374 7661 2050
838 1663 7478 1858
839 1456 7634 1863
840 544 7593 2033
841 15490 7536 2489
842 14340 7536 1925
843 13918 7518 1874
844 4160 7684 2049
845 3180 7854 2172
846 2875 7689 2131
847 914 7635 1979
848 15660 7650 2459
849 15448 7886 2259
850 14781 7758 2094
851 14130 7795 1878
852 13588 7682 1808
853 8800 7766 1537
854 7212 7774 1669
855 4448 7911 2195
856 212 7707 2086
857 0 7383 2054
858 15656 7827 2422
859 8462 7782 1571
860 6295 7862 1798
861 4265 7956 2189
862 2658 7999 2351
863 2316 7872 2174
864 1729 7779 1970
865 1444 7886 1912
866 14662 7902 2005
867 13686 7918 1776
868 12726 7935 1638
869 12184 8036 1563
870 9483 8348 1500
871 8019 7934 1614
872 6885 7886 1712
873 4750 7850 2059
874 3693 7671 2056
875 2132 7964 2068
876 378 8081 2055
877 0 7796 2105
878 15656 7918 2420
879 15657 8090 2398
880 15043 7920 2107
881 11719 8148 1531
882 10836 8636 1493
883 8261 7967 1523
884 7133 8050 1758
885 6142 7987 1819
886 5556 7882 1894
887 4081 8044 2219
888 1991 8151 2081
889 1150 7855 1871
890 201 8180 2033
891 0 7920 2114
892 7546 8066 1666
893 4869 8118 2146
894 3351 8101 2364
895 2924 8078 2410
896 2489 8158 2264
897 741 8115 1980
898 14547 8344 1936
899 13221 8031 1711
900 7940 8278 1543
901 5463 8125 1983
902 4395 8270 2039
903 3748 8078 2331
904 2363 8316 2244
905 1711 8266 2060
906 1394 8299 1978
907 1152 8220 1892
908 15657 8265 2432
909 15366 8233 2330
910 14881 8206 2084
911 7193 8257 1690
912 6994 8209 1798
913 6566 8195 1883
914 4693 8525 1993
915 4019 8266 2108
916 3812 8276 2195
917 976 8366 1881
918 14157 8714 1845
919 13719 8399 1748
920 13360 8422 1714
921 11620 8773 1528
922 8509 8600 1507
923 7516 8477 1597
924 7029 8404 1784
925 4365 8512 1990
926 3256 8367 2189
927 2702 8367 2270
928 810 8610 1898
929 0 8164 2057
930 15659 8458 2424
931 6855 8527 1883
932 6615 8570 1920
933 6214 8315 1931
934 5898 8344 1984
935 5543 8761 1800
936 3791 8409 2103
937 3705 8694 2041
938 1478 8517 1987
939 297 8448 1964
940 15316 8588 2197
941 5805 8713 1875
942 5278 8468 1899
943 4935 8620 2002
944 4187 8606 2058
945 3407 8566 2055
946 2067 8415 2203
947 1241 8632 2019
948 0 8460 1993
949 15660 8550 2388
950 14690 8700 2013
951 13940 8833 1878
952 7994 8704 1511
953 7176 8650 1694
954 6333 8734 1804
955 6120 8856 1871
956 3234 8787 2035
957 2194 8765 2130
958 1724 8836 2019
959 413 8633 1974
960 15660 8640 2391
961 13004 8609 1671
962 12302 8774 1607
963 10879 9932 1483
964 3856 8761 1952
965 2738 8638 2217
966 135 8698 2078
967 1 8635 2087
968 15660 8730 2430
969 13061 8986 1710
970 7702 9020 1539
971 6700 9073 1731
972 5285 8921 1820
973 4617 8918 1917
974 1563 8928 2033
975 1345 8871 1988
976 543 8769 1916
977 0 8730 2118
978 15660 8820 2400
979 15372 8855 2271
980 9542 9185 1491
981 8240 9134 1567
982 7424 8781 1650
983 4835 8946 1872
984 3649 8999 1917
985 3467 9146 1984
986 2795 8988 2331
987 696 8966 1980
988 337 8908 1937
989 15660 8910 2325
990 13734 9042 1831
991 7395 9226 1594
992 6975 8864 1782
993 5918 9062 1762
994 5767 9123 1813
995 5048 9095 1907
996 4113 8986 1876
997 2370 8996 2185
998 1386 9252 2102
999 165 9041 1957
1000 0 8910 2057
1001 15660 9000 2296
1002 11679 9357 1500
1003 6894 9189 1643
1004 1380 9461 2047
1005 808 9052 1949
1006 0 9000 2011
1007 15660 9129 2198
1008 15659 9380 2096
1009 14353 9201 2005
1010 12795 9500 1756
1011 12485 9280 1718
1012 6564 9351 1618
1013 5523 9213 1715
1014 3862 9255 1931
1015 3015 8981 2185
1016 2674 9203 2360
1017 14916 9112 2089
1018 13327 9341 1806
1019 12257 9286 1640
1020 8583 9345 1518
1021 5308 9290 1799
1022 4435 9180 1808
1023 3221 9267 2011
1024 2639 9473 2393
1025 1703 9190 2070
1026 1016 9279 2006
1027 652 9474 2062
1028 232 9301 2054
1029 0 9140 1972
1030 15298 9435 1998
1031 6901 9495 1579
1032 4763 9259 1846
1033 3085 9501 2072
1034 2316 9391 2263
1035 808 9413 1991
1036 0 9270 1968
1037 14570 9468 1934
1038 13879 9410 1909
1039 7515 9699 1552
1040 4351 9577 1788
1041 3782 9467 1885
1042 3442 9574 1952
1043 2909 9513 2234
1044 2041 9562 2159
1045 1931 9671 2196
1046 479 9477 2007
1047 12298 9589 1612
1048 8136 9543 1547
1049 6178 9710 1607
1050 4850 9677 1715
1051 0 9365 1957
1052 15659 9578 1990
1053 9242 9548 1494
1054 7190 9875 1624
1055 5127 9711 1687
1056 4025 9792 1933
1057 1386 9680 2108
1058 1128 9743 2090
1059 519 9766 2103
1060 305 9755 2049
1061 14832 9889 1805
1062 3729 9789 1961
1063 2808 9659 2281
1064 963 9765 2066
1065 764 9795 2147
1066 0 9586 2000
1067 15659 9719 1944
1068 12602 9725 1713
1069 11851 10160 1495
1070 6772 9873 1725
1071 6510 9711 1614
1072 5496 9870 1726
1073 3251 9785 2036
1074 2591 9751 2376
1075 118 9856 2009
1076 0 9720 2006
1077 15299 9985 1841
1078 14101 9808 1854
1079 13465 9738 1887
1080 12494 9904 1621
1081 5896 10258 1905
1082 5774 9654 1642
1083 4554 9893 1846
1084 3857 10002 2055
1085 1444 9933 2113
1086 0 9810 2041
1087 15660 9945 1854
1088 13172 9724 1862
1089 6647 9959 1678
1090 5647 9990 1729
1091 2541 9996 2318
1092 1995 10101 2178
1093 1748 10109 2177
1094 701 9963 2218
1095 9322 10407 1499
1096 5213 10173 1866
1097 4991 10227 1909
1098 4782 10015 1794
1099 4516 10204 1905
1100 3690 10094 2111
1101 3038 9966 2187
1102 1376 10348 2278
1103 1094 10080 2137
1104 0 9984 2010
1105 15061 10180 1742
1106 13627 10118 1789
1107 10452 10746 1482
1108 7018 10176 1580
1109 5608 10270 1817
1110 4170 10053 1998
1111 3351 10037 2182
1112 2722 10091 2172
1113 2376 10225 2340
1114 627 10205 2097
1115 287 10248 2142
1116 14959 10510 1673
1117 13089 10331 1768
1118 7915 10189 1538
1119 7379 10098 1664
1120 6469 10036 1709
1121 4196 10375 1911
1122 3828 10269 1992
1123 3566 10234 2022
1124 2611 10273 2257
1125 1754 10408 2252
1126 1086 10262 2201
1127 462 10259 2093
1128 2266 10491 2430
1129 5 10180 2008
1130 6809 10420 1603
1131 6376 10580 1658
1132 6200 10227 1832
1133 4880 10430 1889
1134 4447 10479 1907
1135 2664 10443 2149
1136 636 10497 2220
1137 0 10350 2040
1138 15659 10313 1725
1139 14153 10549 1698
1140 13609 10982 1622
1141 12637 10462 1681
1142 7506 10568 1558
1143 5590 10588 1712
1144 5324 10613 1781
1145 3373 10491 1949
1146 2942 10329 2040
1147 2520 10528 2251
1148 1657 10640 2358
1149 14485 10239 1741
1150 12095 10611 1509
1151 6627 10582 1662
1152 4711 10536 1827
1153 3199 10645 2017
1154 2200 10626 2481
1155 1169 10565 2181
1156 842 10773 2212
1157 1 10441 2045
1158 15658 10651 1700
1159 6955 11039 1584
1160 4391 10723 1815
1161 2769 10749 2081
1162 513 10734 2356
1163 0 10620 2108
1164 15417 10679 1649
1165 14866 10937 1615
1166 14178 11067 1636
1167 12288 10828 1588
1168 6627 10851 1603
1169 6303 10778 1727
1170 6095 10627 1756
1171 5054 10716 1734
1172 3982 10572 1868
1173 2465 10965 2197
1174 2199 10905 2382
1175 1386 10715 2279
1176 1188 10903 2183
1177 273 11066 2311
1178 0 10710 2123
1179 15660 10800 1716
1180 15658 10880 1693
1181 15269 11103 1694
1182 12762 10944 1586
1183 11762 11057 1483
1184 5560 11046 1683
1185 2008 10779 2495
1186 15485 11121 1680
1187 12202 11048 1610
1188 10614 11035 1574
1189 7257 11238 1606
1190 4556 10910 1879
1191 3878 11013 1982
1192 3430 11117 2098
1193 1600 10848 2307
1194 0 10890 2170
1195 12765 11360 1542
1196 5141 11223 1832
1197 4036 11191 1949
1198 3037 11201 2250
1199 1946 11036 2498
1200 618 11090 2388
1201 0 10980 2184
1202 15660 11070 1718
1203 7676 11382 1544
1204 4743 11071 1843
1205 2831 11196 2230
1206 1549 11088 2289
1207 0 11070 2172
1208 15659 11251 1703
1209 15150 11326 1732
1210 10985 11221 1476
1211 6637 11352 1668
1212 6266 11155 1621
1213 2386 11142 2277
1214 1901 11209 2498
1215 1457 11527 2352
1216 1098 11297 2278
1217 296 11373 2254
1218 0 11160 2146
1219 14433 11445 1577
1220 12321 11251 1606
1221 11397 11888 1470
1222 10331 11334 1480
1223 5829 11339 1724
1224 5433 11594 1809
1225 4835 11285 1905
1226 4508 11412 2017
1227 1730 11408 2410
1228 15655 11383 1747
1229 15095 11562 1709
1230 12606 11628 1552
1231 4313 11483 2050
1232 3069 11439 2384
1233 14832 11403 1677
1234 6396 11599 1666
1235 4814 11584 1990
1236 4149 11638 2092
1237 3641 11373 2082
1238 2302 11440 2463
1239 2018 11499 2543
1240 1202 11617 2330
1241 0 11251 2145
1242 15660 11520 1828
1243 10862 11722 1477
1244 7238 11613 1591
1245 3590 11569 2174
1246 2567 11576 2402
1247 753 11447 2452
1248 1 11523 2208
1249 15659 11682 1906
1250 13986 11791 1551
1251 12070 11934 1492
1252 8814 11305 1508
1253 8545 12036 1519
1254 5822 11527 1817
1255 3326 11685 2223
1256 3151 12003 2126
1257 2981 11675 2292
1258 2788 11732 2241
1259 2206 11820 2306
1260 1965 11676 2468
1261 0 11610 2188
1262 15521 11602 1888
1263 14921 11896 1784
1264 6760 11603 1600
1265 5805 11835 1756
1266 4268 11954 2021
1267 3901 11813 2072
1268 2412 11846 2251
1269 1775 11702 2547
1270 1433 11867 2544
1271 239 11793 2321
1272 15274 11988 1920
1273 14820 12149 1782
1274 10905 12054 1466
1275 7070 11971 1591
1276 6203 11889 1644
1277 5688 11875 1805
1278 4726 11951 1832
1279 1602 11804 2509
1280 938 11738 2385
1281 15658 11925 1951
1282 13640 11808 1536
1283 13183 12067 1515
1284 9905 11769 1485
1285 5479 12109 1704
1286 4887 11982 1868
1287 4040 12109 1942
1288 3586 12038 2111
1289 2770 12049 2142
1290 1149 11953 2476
1291 442 11725 2322
1292 115 11993 2244
1293 1 11847 2288
1294 2726 12296 2080
1295 2100 12035 2254
1296 1779 12036 2377
1297 728 11934 2371
1298 0 11970 2229
1299 15659 12066 1989
1300 10584 11933 1484
1301 6385 12346 1627
1302 3363 12448 1977
1303 2959 11999 2176
1304 1651 12230 2534
1305 1446 12245 2573
1306 1152 12251 2422
1307 614 12223 2355
1308 0 12060 2214
1309 14149 12248 1633
1310 10670 12375 1470
1311 1880 12217 2388
1312 298 12215 2336
1313 0 12150 2210
1314 15660 12240 2063
1315 14664 12495 1774
1316 12243 12503 1506
1317 6046 12339 1679
1318 5665 12382 1729
1319 4554 12234 1857
1320 4415 12382 1915
1321 2156 12380 2214
1322 123 12420 2261
1323 0 12240 2213
1324 15659 12420 2108
1325 13304 12637 1539
1326 10382 12891 1474
1327 5075 12314 1738
1328 4183 12445 1901
1329 1817 12372 2328
1330 1666 12508 2436
1331 760 12532 2454
1332 0 12330 2207
1333 15471 12312 2109
1334 15167 12519 1920
1335 5948 12612 1597
1336 5104 12558 1753
1337 4889 12561 1771
1338 3972 12648 1883
1339 2368 12515 2220
1340 0 12420 2223
1341 15660 12645 2101
1342 15407 12527 2040
1343 7828 12634 1535
1344 7172 13109 1542
1345 2751 12552 2110
1346 1389 12654 2560
1347 520 12696 2343
1348 0 12510 2274
1349 15478 12852 2109
1350 15058 12707 1972
1351 12435 12964 1492
1352 11151 13353 1462
1353 5734 12967 1583
1354 5433 12680 1645
1355 2966 12689 2129
1356 2195 12548 2332
1357 0 12600 2285
1358 14022 12805 1640
1359 4518 12680 1806
1360 3676 12701 1927
1361 2476 12811 2249
1362 2042 12703 2424
1363 1611 12760 2580
1364 1275 13013 2634
1365 369 12991 2429
1366 0 12690 2284
1367 11846 12796 1485
1368 5329 12845 1633
1369 4813 12794 1831
1370 3301 12936 1986
1371 1462 12920 2660
1372 977 12736 2481
1373 15117 13053 2033
1374 6350 12976 1562
1375 4610 12958 1917
1376 4363 13003 1902
1377 3904 13018 1995
1378 797 13036 2588
1379 3 12786 2261
1380 15660 12960 2155
1381 14483 13000 1760
1382 9555 12567 1484
1383 8288 13525 1501
1384 4919 13025 1789
1385 2041 12975 2265
1386 2 13032 2269
1387 15659 13137 2148
1388 14098 13150 1680
1389 10463 13641 1476
1390 3212 13206 2064
1391 2937 13090 2057
1392 1641 13158 2533
1393 1198 13242 2606
1394 15659 13307 2165
1395 14058 13404 1691
1396 12852 12803 1505
1397 5738 13484 1605
1398 3540 13133 2080
1399 2819 13393 2159
1400 2019 13197 2307
1401 1498 13339 2436
1402 403 13227 2393
1403 15275 13364 1960
1404 14748 13245 1869
1405 12168 13816 1473
1406 6047 13485 1588
1407 5318 13207 1660
1408 3372 13332 2142
1409 2348 13372 2277
1410 2440 13100 2136
1411 912 13314 2594
1412 14863 13438 1842
1413 1884 13301 2376
1414 1755 13414 2473
1415 693 13320 2544
1416 13058 13522 1567
1417 4920 13439 1694
1418 4537 13310 1750
1419 3844 13338 1895
1420 293 13564 2448
1421 93 13575 2453
1422 0 13263 2305
1423 15653 13509 2158
1424 6172 13646 1624
1425 4431 13692 1873
1426 1079 13611 2560
1427 0 13500 2386
1428 15346 13625 2038
1429 9873 14141 1490
1430 7263 13720 1535
1431 6544 13650 1546
1432 6368 13961 1558
1433 5502 13860 1662
1434 5011 13864 1764
1435 3923 13698 2046
1436 3009 13770 2352
1437 2443 13585 2284
1438 1705 13847 2335
1439 1520 13759 2353
1440 823 13616 2626
1441 589 13829 2704
1442 0 13590 2412
1443 15660 13680 2196
1444 13872 13926 1642
1445 6970 13901 1566
1446 4682 13720 1778
1447 3251 13597 2264
1448 2709 13683 2306
1449 2311 13796 2391
1450 1980 13829 2282
1451 1150 13893 2422
1452 0 13680 2448
1453 15655 13861 2272
1454 15227 13791 2125
1455 14720 14028 1832
1456 9326 13320 1484
1457 6629 13996 1629
1458 6010 13870 1646
1459 5731 13851 1700
1460 3398 13784 2185
1461 738 13809 2651
1462 203 13842 2573
1463 0 13770 2451
1464 10806 14133 1469
1465 8348 14258 1521
1466 4328 13977 1996
1467 3439 14003 2234
1468 920 13976 2483
1469 0 13860 2497
1470 15660 13950 2259
1471 15659 14007 2234
1472 11567 14525 1451
1473 5876 14099 1683
1474 5012 14157 1764
1475 4676 13955 1838
1476 4124 13947 2002
1477 2764 14075 2196
1478 2452 14092 2257
1479 174 14104 2622
1480 0 13950 2523
1481 7901 14381 1539
1482 7699 14041 1560
1483 6935 14281 1614
1484 5639 14136 1751
1485 5330 14141 1697
1486 3931 14112 2029
1487 1697 14402 2188
1488 780 14232 2527
1489 558 14099 2723
1490 446 14185 2724
1491 0 14040 2530
1492 14664 14452 1796
1493 9113 14813 1510
1494 6558 14214 1705
1495 6449 14360 1726
1496 3822 14280 2126
1497 3470 14365 2104
1498 3085 14059 2316
1499 2206 14185 2276
1500 1986 14318 2165
1501 1113 14387 2484
1502 4 14129 2505
1503 15657 14310 2075
1504 15450 14363 1996
1505 15138 14161 2042
1506 13045 13969 1540
1507 10357 14251 1613
1508 7231 14234 1690
1509 6058 14186 1635
1510 4864 14243 1779
1511 4494 14278 1935
1512 3711 14375 2140
1513 3070 14584 2107
1514 2886 14560 2171
1515 1393 14344 2354
1516 0 14220 2523
1517 13567 14492 1589
1518 5554 14453 1780
1519 4308 14413 1894
1520 364 14464 2785
1521 0 14310 2580
1522 15655 14450 2097
1523 10977 14730 1480
1524 10595 14496 1558
1525 8445 14676 1548
1526 7825 14593 1559
1527 7406 14633 1646
1528 6313 14502 1769
1529 5830 14519 1745
1530 5184 14559 1766
1531 3323 14590 2130
1532 2640 14579 2084
1533 0 14400 2611
1534 15234 14501 1952
1535 12180 14449 1471
1536 2209 14603 2080
1537 1319 14640 2302
1538 936 14532 2535
1539 681 14483 2601
1540 0 14490 2651
1541 15660 14580 2126
1542 7218 14745 1725
1543 7129 14514 1703
1544 6776 14632 1691
1545 6238 14783 1872
1546 4776 14535 1809
1547 290 14695 2777
1548 15660 14670 2144
1549 15333 15079 2130
1550 9704 14729 1514
1551 6588 14783 1766
1552 6039 14881 1902
1553 5493 14779 1832
1554 4194 14752 2029
1555 1889 14756 2206
1556 2 14666 2704
1557 15659 14758 2144
1558 14926 14740 1985
1559 14513 14945 1793
1560 12954 14760 1503
1561 11847 15288 1456
1562 9556 14978 1516
1563 5901 15000 1917
1564 5235 14790 1853
1565 5082 14998 1856
1566 3910 14920 1943
1567 2825 15098 1981
1568 843 14821 2382
1569 15660 14850 2175
1570 10384 14756 1598
1571 6912 14875 1806
1572 4676 14871 1902
1573 3512 14847 2020
1574 2377 15005 2097
1575 1886 15094 2198
1576 468 15010 2528
1577 195 15092 2673
1578 0 14838 2767
1579 15660 14940 2222
1580 14918 15269 1975
1581 8510 15028 1617
1582 7288 15057 1726
1583 6465 15043 1681
1584 5556 15230 1797
1585 4504 15117 1932
1586 3852 15118 1967
1587 3189 15103 1944
1588 1166 14776 2333
1589 0 14940 2769
1590 15660 15030 2296
1591 14433 15307 1772
1592 10174 15052 1499
1593 8104 14998 1661
1594 7644 15019 1690
1595 6194 15217 1715
1596 5747 15143 1857
1597 1522 15097 2315
1598 0 15030 2737
1599 15660 15120 2307
1600 15371 15342 2079
1601 14722 15190 1951
1602 13902 15377 1654
1603 8703 15192 1553
1604 7100 15279 1635
1605 5301 15246 1835
1606 4879 15228 1861
1607 2252 15252 2061
1608 1072 15222 2448
1609 0 15120 2730
1610 15659 15209 2217
1611 10717 15007 1481
1612 10067 15489 1552
1613 7880 15376 1565
1614 6737 15541 1738
1615 4227 15245 1881
1616 668 15407 2519
1617 15658 15298 2186
1618 7571 15542 1601
1619 5434 15458 1771
1620 4857 15447 1795
1621 3280 15425 1942
1622 2099 15386 2100
1623 1540 15410 2182
1624 10723 15813 1549
1625 5775 15354 1733
1626 2885 15356 1983
1627 2333 15461 2136
1628 2 15274 2750
1629 15659 15479 2263
1630 14874 15584 2051
1631 9512 15603 1578
1632 8556 15691 1638
1633 4133 15665 1828
1634 2161 15589 2150
1635 1241 15618 2314
1636 874 15613 2413
1637 0 15503 2773
1638 15660 15570 2248
1639 13534 15893 1598
1640 12474 15434 1469
1641 11999 15828 1450
1642 8981 16069 1666
1643 6294 15621 1802
1644 3847 15444 1857
1645 2782 15743 2044
1646 15660 15660 2258
1647 14152 15800 1734
1648 7420 15818 1730
1649 5734 15912 1847
1650 5157 15977 1890
1651 4531 15987 1912
1652 2675 15598 2014
1653 1647 15644 2265
1654 500 15654 2575
1655 0 15660 2779
1656 15658 15746 2296
1657 14801 15933 1998
1658 12365 16059 1512
1659 9549 16123 1651
1660 3652 15871 1853
1661 3259 15730 2002
1662 2995 15843 2009
1663 1416 15759 2374
1664 242 15833 2664
1665 1 15747 2804
1666 15660 15840 2303
1667 15332 15997 2168
1668 8258 16153 1736
1669 6708 16046 1887
1670 6399 16230 1924
1671 2437 15915 2126
1672 1898 15905 2181
1673 1196 15962 2517
1674 15660 15930 2305
1675 10278 16354 1608
1676 7987 15903 1738
1677 7153 15948 1815
1678 2681 16120 2065
1679 2250 15812 2094
1680 747 16295 2647
1681 418 16142 2721
1682 15660 16020 2338
1683 15129 16144 2053
1684 14540 16336 1797
1685 11282 15800 1472
1686 8573 16301 1700
1687 1702 16075 2274
1688 1367 16097 2417
1689 3 16132 2900
1690 0 15927 2806
1691 15660 16110 2347
1692 14342 15981 1741
1693 14128 16413 1714
1694 13306 16405 1561
1695 11845 16274 1447
1696 7743 16226 1818
1697 5033 16351 1947
1698 4211 16536 2025
1699 2133 16053 2183
1700 1048 16233 2546
1701 15660 16200 2312
1702 15435 16111 2249
1703 12469 16491 1497
1704 3637 16398 1951
1705 2503 16285 2132
1706 1946 16245 2170
1707 299 16603 2843
1708 15660 16290 2311
1709 15332 16471 2078
1710 11650 16740 1504
1711 7978 16439 1799
1712 7177 16321 1881
1713 6825 16537 1979
1714 5871 16593 1997
1715 3259 16165 1884
1716 2904 16587 1958
1717 1669 16428 2286
1718 0 16290 2865
1719 15660 16380 2339
1720 14824 16360 1949
1721 2100 16480 2242
1722 0 16380 2821
1723 15660 16470 2324
1724 9285 16714 1757
1725 6519 16651 2053
1726 3522 16873 2043
1727 1113 16478 2463
1728 0 16470 2762
1729 15660 16560 2303
1730 13203 16834 1526
1731 12733 16853 1481
1732 12243 16905 1453
1733 8194 16776 1830
1734 7715 16616 1867
1735 925 16728 2567
1736 637 16614 2758
1737 15660 16650 2321
1738 10958 16946 1572
1739 4442 16931 2151
1740 3241 16888 1947
1741 2660 16749 1996
1742 1903 16953 2189
1743 0 16559 2716
1744 15660 16740 2308
1745 15652 16875 2307
1746 14760 16781 1890
1747 13777 16906 1626
1748 7483 17032 1948
1749 6196 17184 2142
1750 4770 17128 2160
1751 4033 17126 2138
1752 2289 16735 2105
1753 1617 16653 2344
1754 881 16971 2529
1755 677 17029 2696
1756 0 16740 2671
1757 15660 16830 2317
1758 15248 16983 2073
1759 11649 17451 1556
1760 8454 17011 1893
1761 7990 17054 1944
1762 6705 16978 2069
1763 5310 17511 2234
1764 2449 17141 2055
1765 1505 16953 2383
1766 1277 16743 2443
1767 1 16913 2555
1768 15660 16920 2298
1769 14664 17120 1816
1770 14289 17150 1735
1771 9991 16920 1672
1772 8883 16978 1855
1773 5528 16952 2105
1774 3015 16844 1990
1775 1223 17053 2438
1776 15660 17010 2240
1777 9718 16681 1702
1778 9540 17323 1816
1779 3017 17273 1985
1780 361 17217 2563
1781 13469 17457 1552
1782 12135 17490 1520
1783 10509 17295 1674
1784 8854 17320 1890
1785 7115 17428 2108
1786 6709 17281 2160
1787 1836 17284 2164
1788 1342 17189 2313
1789 1 17104 2478
1790 15656 17165 2218
1791 4638 17638 2268
1792 3485 17255 2001
1793 15463 17555 2005
1794 15338 17281 2097
1795 14876 17429 1906
1796 14627 17598 1882
1797 2342 17478 2138
1798 1271 17428 2331
1799 1007 17237 2519
1800 2 17280 2424
1801 15658 17461 2155
1802 9469 17745 1930
1803 8502 17606 2008
1804 8153 17566 2079
1805 6288 17534 2259
1806 4222 17451 2233
1807 2751 17666 2010
1808 870 17450 2574
1809 12855 17644 1436
1810 7445 17886 2163
1811 6795 17606 2202
1812 1876 17524 2232
1813 773 17638 2546
1814 305 17502 2499
1815 15660 17550 2114
1816 15077 17834 1873
1817 5825 17673 2287
1818 1473 17609 2364
1819 1060 17600 2431
1820 431 17790 2434
1821 0 17500 2389
1822 15658 17652 2083
1823 14733 17839 1774
1824 10326 17841 1756
1825 3888 18170 2234
1826 179 17856 2300
1827 0 17640 2356
1828 15329 17884 1895
1829 14508 17865 1814
1830 10778 18236 1678
1831 8997 18029 2102
1832 7768 17809 2150
1833 6144 18059 2361
1834 1454 17822 2319
1835 1117 17820 2470
1836 776 17840 2561
1837 0 17730 2369
1838 15658 17899 2009
1839 13154 18384 1438
1840 11500 18331 1629
1841 10155 18172 1832
1842 7163 17905 2239
1843 6513 18127 2390
1844 2136 17953 2104
1845 0 17820 2407
1846 12119 18158 1550
1847 4981 18265 2440
1848 4325 17808 2250
1849 3459 17751 2072
1850 1116 18001 2359
1851 0 17910 2418
1852 15660 18000 1983
1853 14372 17946 1726
1854 12669 18001 1494
1855 9822 18231 1963
1856 5651 18266 2436
1857 2397 18012 2111
1858 1050 18275 2307
1859 784 18051 2508
1860 15660 18090 2000
1861 15116 18069 1802
1862 14939 18247 1753
1863 7243 18439 2388
1864 2727 17940 2058
1865 201 18407 2248
1866 15658 18210 2055
1867 15127 18395 1877
1868 14713 18389 1684
1869 2934 18473 2160
1870 709 18329 2462
1871 0 18027 2391
1872 14381 18552 1606
1873 13683 17994 1540
1874 9505 18480 2066
1875 8173 18194 2248
1876 4761 18623 2490
1877 2089 18405 2212
1878 1610 18216 2187
1879 13919 18633 1548
1880 10152 18434 1924
1881 8667 18476 2237
1882 8162 18588 2347
1883 0 18352 2300
1884 15438 18643 1972
1885 11145 18832 1691
1886 9821 18439 2062
1887 692 18624 2490
1888 15660 18585 2005
1889 12532 18865 1516
1890 10307 18580 1806
1891 7528 18675 2479
1892 5930 18565 2510
1893 5468 18907 2637
1894 2529 18505 2104
1895 15179 18797 1958
1896 9959 18582 1922
1897 9025 18566 2178
1898 7320 19116 2618
1899 6580 18818 2573
1900 4361 19021 2475
1901 3805 18605 2256
1902 2790 18922 2226
1903 2175 18819 2183
1904 1869 18703 2289
1905 1311 18566 2347
1906 2 18550 2238
1907 15659 18804 1981
1908 14826 18691 1869
1909 11861 19180 1596
1910 8965 18929 2171
1911 2368 19024 2178
1912 1579 18783 2354
1913 0 18720 2312
1914 14690 18926 1781
1915 14378 19101 1624
1916 9701 18955 1949
1917 9373 19003 2068
1918 8342 18917 2343
1919 6294 19092 2651
1920 4825 19027 2556
1921 1392 18880 2449
1922 1230 19056 2534
1923 329 18854 2431
1924 15659 18990 1935
1925 15237 19088 1896
1926 13165 19338 1433
1927 1439 19055 2518
1928 0 18902 2349
1929 15486 19088 1939
1930 14901 19087 1858
1931 10189 19159 1857
1932 7771 19240 2544
1933 6649 19149 2717
1934 5835 19216 2746
1935 3497 18947 2301
1936 2106 19169 2251
1937 1678 19091 2357
1938 1090 19248 2659
1939 15660 19080 1899
1940 10675 18938 1773
1941 9351 19529 2068
1942 7237 19613 2711
1943 6139 19489 2749
1944 5162 19467 2694
1945 2589 19217 2264
1946 15659 19177 1902
1947 14738 19250 1834
1948 14233 19555 1559
1949 10826 19671 1742
1950 8417 19200 2313
1951 3078 19601 2405
1952 1874 19239 2270
1953 691 18917 2572
1954 0 19144 2242
1955 14894 19369 1739
1956 8321 19477 2377
1957 3688 19578 2476
1958 2037 19349 2314
1959 15660 19350 1894
1960 15423 19319 1919
1961 6577 19423 2798
1962 4491 19535 2562
1963 2743 19592 2307
1964 1535 19364 2365
1965 1058 19477 2639
1966 737 19443 2492
1967 1 19292 2197
1968 15660 19485 1857
1969 14958 19774 1752
1970 14599 19424 1772
1971 13738 19470 1464
1972 12470 19696 1499
1973 11519 19494 1622
1974 8879 19520 2188
1975 5712 19472 2821
1976 2239 19504 2238
1977 189 19411 2247
1978 8016 19734 2458
1979 7672 19808 2663
1980 1872 19486 2339
1981 966 19767 2601
1982 15658 19660 1801
1983 13353 19960 1429
1984 8550 19901 2166
1985 6586 19792 2714
1986 5369 19744 2744
1987 1853 19833 2315
1988 1584 19675 2394
1989 1441 19590 2484
1990 1201 19731 2614
1991 553 19767 2510
1992 339 19950 2564
1993 0 19515 2329
1994 15525 19713 1841
1995 14683 19636 1654
1996 14288 19899 1545
1997 11626 20016 1620
1998 9986 19480 1930
1999 9642 19895 1946
2000 8251 19817 2269
2001 5621 19908 2701
2002 0 19710 2406
2003 11280 20061 1719
2004 9211 19902 2026
2005 8803 19900 2128
2006 7838 19962 2532
2007 7412 19940 2649
2008 4997 19831 2756
2009 4630 19947 2753
2010 3069 19892 2503
2011 2329 20153 2371
2012 0 19800 2421
2013 15657 19928 1690
2014 15424 19925 1770
2015 13926 20095 1482
2016 10672 20061 1845
2017 10482 19809 1793
2018 6388 20093 2654
2019 4015 19978 2670
2020 3537 20245 2635
2021 2914 20044 2434
2022 1532 19907 2396
2023 1138 19937 2534
2024 915 20139 2715
2025 0 19890 2426
2026 15169 20253 1723
2027 14630 19927 1687
2028 12396 20423 1472
2029 10342 20351 1983
2030 8359 20170 2321
2031 5152 20245 2680
2032 644 20058 2662
2033 0 19980 2418
2034 15660 20070 1688
2035 14464 20271 1612
2036 7981 20301 2537
2037 7019 19834 2657
2038 5882 19937 2738
2039 4728 20170 2677
2040 4366 19974 2665
2041 1564 20227 2521
2042 15659 20156 1653
2043 14858 20327 1710
2044 11778 20476 1560
2045 9103 20266 2226
2046 7080 20336 2576
2047 5847 20556 2617
2048 2080 20327 2382
2049 392 20287 2540
2050 5 20144 2410
2051 10723 20467 1819
2052 9715 20210 2050
2053 7683 20161 2571
2054 4450 20323 2823
2055 3965 20432 2913
2056 3284 20536 2674
2057 3079 20421 2665
2058 1882 20256 2430
2059 1242 20234 2611
2060 1119 20392 2829
2061 543 20343 2537
2062 4 20252 2375
2063 15659 20418 1600
2064 14145 20663 1429
2065 9546 20440 2214
2066 8948 20525 2310
2067 8715 20288 2326
2068 7637 20494 2563
2069 5512 20724 2593
2070 5059 20607 2597
2071 4112 20336 2845
2072 2699 20341 2553
2073 1557 20492 2680
2074 941 20487 2727
2075 14574 20572 1581
2076 11424 20584 1657
2077 10002 20497 2086
2078 9830 20468 2193
2079 8097 20421 2413
2080 6601 20674 2562
2081 4361 20564 2766
2082 1883 20572 2492
2083 1290 20527 2758
2084 795 20578 2693
2085 0 20433 2372
2086 15659 20787 1526
2087 11049 20404 1732
2088 9378 20542 2263
2089 8303 20657 2477
2090 7617 20801 2463
2091 4700 20827 2652
2092 2892 20532 2742
2093 2302 20703 2558
2094 151 20522 2460
2095 0 20520 2354
2096 10542 20741 1829
2097 9629 20722 2172
2098 9026 20736 2225
2099 3706 20747 2928
2100 2847 20787 2762
2101 2608 20762 2631
2102 1713 20658 2525
2103 642 20663 2632
2104 330 20585 2475
2105 0 20610 2362
2106 14971 20587 1588
2107 12627 21135 1447
2108 11121 20842 1637
2109 9846 20734 2108
2110 9426 20869 2094
2111 8034 20827 2487
2112 3894 20594 2936
2113 3141 20853 2915
2114 1673 20843 2435
2115 299 20870 2534
2116 15209 20682 1587
2117 15046 21086 1506
2118 14513 20984 1484
2119 8905 20890 2299
2120 5412 21151 2536
2121 4365 21008 2791
2122 4143 20856 2916
2123 2025 20884 2538
2124 1101 20812 2505
2125 753 20891 2486
2126 554 20820 2592
2127 4 20802 2424
2128 11976 21219 1490
2129 10224 20982 1810
2130 9947 21149 1812
2131 6000 20880 2526
2132 5147 21389 2562
2133 4139 21107 2754
2134 3506 21006 2984
2135 116 21026 2474
2136 0 20880 2424
2137 15658 21160 1526
2138 11488 21069 1589
2139 9742 21113 1949
2140 8361 21073 2429
2141 6932 21228 2455
2142 5759 21040 2521
2143 4699 21183 2629
2144 2668 21054 2840
2145 2434 21095 2850
2146 1450 20883 2422
2147 819 21159 2288
2148 0 20970 2428
2149 15424 21240 1469
2150 7746 21380 2431
2151 6109 21268 2544
2152 3552 21142 2976
2153 2980 21198 3053
2154 1324 21304 2292
2155 0 21060 2423
2156 14155 21492 1419
2157 10915 21259 1596
2158 9273 21166 2128
2159 9000 21330 2277
2160 8775 21195 2391
2161 8567 21286 2435
2162 8185 21354 2401
2163 3920 21223 2796
2164 3330 21190 3116
2165 1649 21246 2400
2166 335 21343 2316
2167 13404 20907 1424
2168 10408 21293 1658
2169 10231 21497 1669
2170 9780 21288 1970
2171 9460 21378 2090
2172 7300 21081 2445
2173 6722 21402 2503
2174 6001 21437 2496
2175 4629 21499 2629
2176 794 21424 2209
2177 1 21188 2436
2178 8902 21442 2273
2179 7491 21503 2472
2180 3850 21380 2878
2181 3632 21488 2945
2182 3418 21325 3134
2183 2995 21412 3116
2184 0 21330 2418
2185 15660 21465 1468
2186 11567 21442 1499
2187 9847 21541 1900
2188 9636 21634 1946
2189 9212 21656 2008
2190 6373 21247 2505
2191 4138 21463 2710
2192 3402 21502 3106
2193 626 21543 2176
2194 0 21420 2378
2195 10776 21597 1594
2196 8516 21694 2460
2197 5697 21791 2538
2198 4335 21410 2706
2199 4059 21679 2789
2200 2515 21474 3095
2201 254 21758 2239
2202 0 21510 2376
2203 15660 21802 1417
2204 12178 21581 1489
2205 11675 21666 1540
2206 11257 21648 1565
2207 10224 21760 1725
2208 7973 21780 2442
2209 4466 21854 2833
2210 2245 21886 3053
2211 532 21821 2082
2212 13463 22327 1429
2213 11065 21740 1629
2214 9449 21698 1901
2215 7028 21557 2509
2216 6134 21809 2527
2217 3795 21763 2930
2218 3555 21841 3074
2219 3043 21701 3109
2220 1303 21732 2381
2221 0 21633 2395
2222 12939 21808 1447
2223 10762 21783 1656
2224 9993 21769 1761
2225 9678 21832 1844
2226 9006 21946 2147
2227 8790 21731 2300
2228 7427 21832 2475
2229 5303 22084 2612
2230 4931 22014 2636
2231 918 21818 2143
2232 0 21780 2256
2233 11118 22005 1520
2234 10353 21854 1781
2235 9791 22020 1909
2236 8675 22047 2297
2237 8332 21917 2463
2238 6766 21817 2461
2239 12177 21970 1521
2240 7306 22043 2456
2241 6444 21964 2522
2242 4665 22002 2695
2243 4103 22120 2963
2244 2981 22263 3045
2245 2009 22079 2973
2246 320 21932 2038
2247 236 22061 2020
2248 0 21960 2147
2249 10770 22114 1579
2250 10288 22145 1711
2251 8435 22137 2487
2252 8045 22202 2502
2253 4401 22146 2852
2254 3214 22280 3073
2255 1684 21963 2747
2256 103 22136 1999
2257 0 22050 2121
2258 11180 22422 1497
2259 9281 22073 2133
2260 8965 22209 2325
2261 8716 22294 2413
2262 6761 22302 2468
2263 6131 22376 2533
2264 5667 22215 2588
2265 4808 22236 2725
2266 3831 22404 3110
2267 2776 22201 3098
2268 2188 22290 3039
2269 0 22140 2026
2270 15659 22530 1424
2271 12681 22704 1444
2272 11799 22571 1473
2273 7794 22323 2495
2274 890 22386 2387
2275 1017 22083 2282
2276 0 22230 1996
2277 14888 21771 1415
2278 10751 22492 1647
2279 10173 22468 1832
2280 9837 22390 2007
2281 9663 22430 2057
2282 9231 22273 2171
2283 5702 22401 2559
2284 5015 22368 2773
2285 4518 22314 2908
2286 4280 22415 2968
2287 2617 22588 3096
2288 1691 22263 2715
2289 1356 22518 2474
2290 459 22514 2259
2291 1 22420 2052
2292 0 22320 2008
2293 10514 22521 1739
2294 9113 22422 2214
2295 8736 22536 2417
2296 7633 22899 2514
2297 7272 22547 2494
2298 5412 22521 2669
2299 2399 22554 3086
2300 2111 22491 2883
2301 1929 22402 2895
2302 1080 22538 2467
2303 14167 22929 1476
2304 11445 22191 1469
2305 9487 22610 1951
2306 6804 22565 2481
2307 6183 22633 2579
2308 4755 22508 2884
2309 3869 22761 3007
2310 3620 22773 2924
2311 3480 22511 3083
2312 3221 22723 2986
2313 1759 22562 2753
2314 0 22500 2032
2315 14533 22545 1432
2316 10907 22645 1505
2317 10417 22635 1688
2318 10037 22674 1855
2319 8927 22779 2247
2320 8386 22687 2484
2321 5236 22640 2668
2322 4956 22694 2747
2323 4898 22871 2736
2324 4391 22646 2845
2325 2931 22789 3036
2326 1961 22698 2728
2327 990 22809 2302
2328 657 22816 2121
2329 11551 22987 1479
2330 9208 22687 2071
2331 7264 23060 2537
2332 5573 22675 2618
2333 2349 22846 2896
2334 1343 22741 2355
2335 404 22931 2077
2336 4 22608 1970
2337 15659 22870 1460
2338 13696 22914 1486
2339 12321 23348 1491
2340 10322 22809 1758
2341 9907 22852 1779
2342 9569 22946 2003
2343 9346 22913 2183
2344 8223 22953 2435
2345 6856 22891 2488
2346 5861 22776 2635
2347 4393 22858 2873
2348 4169 23101 2863
2349 15398 22998 1492
2350 10923 23005 1508
2351 9042 23070 2332
2352 5451 22884 2679
2353 5241 23002 2704
2354 4602 23151 2750
2355 1993 22949 2674
2356 1 22858 2066
2357 10661 22948 1622
2358 8862 23079 2421
2359 8741 22851 2383
2360 5864 23074 2542
2361 3785 22973 2868
2362 3661 23366 2704
2363 2570 22854 3063
2364 1138 22934 2264
2365 15660 23040 1437
2366 15044 23235 1523
2367 14721 23338 1530
2368 11110 23321 1569
2369 10127 23094 1680
2370 9813 23210 1867
2371 7930 23043 2443
2372 7849 23227 2459
2373 5325 23137 2608
2374 4971 23329 2623
2375 3262 23112 2798
2376 1774 23189 2566
2377 1059 23156 2342
2378 15660 23177 1445
2379 14063 23436 1571
2380 10663 23172 1565
2381 9358 23402 2024
2382 8241 23153 2488
2383 6759 23239 2522
2384 6361 23059 2519
2385 258 23292 2273
2386 15659 23482 1483
2387 14458 23445 1626
2388 13629 23434 1594
2389 13300 23560 1611
2390 8653 23171 2478
2391 6256 23468 2500
2392 3032 23230 2941
2393 2602 23188 3094
2394 805 23395 2442
2395 0 23205 2229
2396 13517 23564 1582
2397 10784 23419 1596
2398 10368 23389 1652
2399 9801 23421 1817
2400 7595 23520 2439
2401 2905 23364 2955
2402 1745 23723 2776
2403 1203 23459 2618
2404 15324 23382 1589
2405 13003 23700 1588
2406 11419 23427 1514
2407 9617 23556 1950
2408 8745 23406 2344
2409 8294 23511 2469
2410 7986 23467 2491
2411 6113 23810 2519
2412 5618 23570 2546
2413 4637 23582 2626
2414 4190 23371 2775
2415 3477 23519 2795
2416 1454 23332 2545
2417 0 23544 2462
2418 15660 23590 1522
2419 15337 23748 1589
2420 15106 23761 1593
2421 10976 23684 1561
2422 9300 23618 2070
2423 6734 23634 2495
2424 2545 23636 3068
2425 757 23771 2672
2426 1 23418 2346
2427 11522 23789 1537
2428 10586 23685 1660
2429 9899 23656 1813
2430 8579 23871 2473
2431 2323 23519 3039
2432 5660 24081 2562
2433 4155 23627 2683
2434 3504 23746 2778
2435 3151 23774 2904
2436 14773 23986 1679
2437 13879 24091 1832
2438 12252 24094 1571
2439 10626 23845 1724
2440 10174 23824 1761
2441 8401 23925 2428
2442 7236 23710 2452
2443 6681 23880 2479
2444 5453 24221 2509
2445 3982 23886 2603
2446 2197 23940 3100
2447 1482 23731 2765
2448 366 23810 2721
2449 103 23817 2636
2450 15430 24200 1759
2451 14298 23790 1734
2452 13599 24165 1731
2453 11866 23719 1551
2454 10143 23931 1816
2455 9731 23896 1966
2456 9537 23776 1952
2457 9099 23983 2153
2458 8003 23955 2480
2459 7456 23989 2498
2460 7101 23937 2483
2461 4333 23771 2611
2462 4263 24100 2558
2463 3759 23918 2721
2464 3098 23957 2842
2465 2743 24167 2972
2466 1154 23970 2930
2467 0 23716 2581
2468 15660 24007 1669
2469 14584 24171 1739
2470 12855 24229 1691
2471 12495 23902 1587
2472 11767 24283 1613
2473 10759 23965 1659
2474 10006 24185 1828
2475 9558 23940 2005
2476 8862 23830 2270
2477 7290 24145 2460
2478 6300 24057 2496
2479 3678 24050 2652
2480 1402 24153 3021
2481 532 23957 2756
2482 0 23939 2669
2483 13252 24234 1716
2484 10926 23881 1589
2485 10328 23983 1721
2486 9379 24033 2122
2487 8952 24096 2236
2488 8807 24232 2385
2489 7755 24020 2467
2490 2466 24312 3084
2491 1842 24175 3070
2492 260 24049 2567
2493 0 24030 2575
2494 14914 24240 1675
2495 11057 24272 1646
2496 10734 24295 1733
2497 10353 24157 1781
2498 9226 24186 2192
2499 8465 24209 2397
2500 7620 24293 2448
2501 6763 24115 2477
2502 6434 24341 2535
2503 3919 24290 2679
2504 3339 24235 2809
2505 119 24251 2494
2506 13827 24477 1971
2507 10519 24272 1726
2508 10264 24297 1765
2509 9539 24286 1997
2510 9046 24350 2334
2511 8412 24320 2445
2512 8167 24479 2436
2513 7057 24271 2472
2514 4930 24245 2524
2515 2873 24479 2944
2516 751 24229 2939
2517 14167 24192 1889
2518 12023 24480 1713
2519 11354 24124 1575
2520 9985 24323 1908
2521 8686 24351 2436
2522 4193 24480 2585
2523 1568 24480 3016
2524 1156 24479 3011
2525 0 24299 2449
2526 15659 24477 1869
2527 14759 24480 1745
2528 12598 24479 1797
2529 12254 24474 1723
2530 11427 24478 1673
2531 6378 24479 2493
2532 3692 24319 2700
2533 2085 24479 3058
2534 273 24477 2634
2535 0 24390 2510
2536 15570 24480 1857
2537 15480 24480 1841
2538 15390 24480 1828
2539 15255 24480 1793
2540 14957 24479 1708
2541 14850 24480 1754
2542 14569 24479 1811
2543 14190 24479 1959
2544 14040 24480 1983
2545 13950 24480 1964
2546 13680 24480 1898
2547 13590 24480 1897
2548 13417 24477 1889
2549 13226 24474 1863
2550 13140 24480 1829
2551 13050 24480 1822
2552 12869 24479 1791
2553 12780 24480 1810
2554 12150 24480 1724
2555 11880 24480 1669
2556 11697 24476 1677
2557 11610 24480 1694
2558 11221 24479 1616
2559 10962 24479 1644
2560 10802 24479 1688
2561 10470 24478 1779
2562 10188 24480 1843
2563 9990 24480 1903
2564 9806 24479 1994
2565 9720 24480 2053
2566 9629 24473 2100
2567 9450 24480 2107
2568 9354 24479 2153
2569 8993 24479 2333
2570 8816 24479 2401
2571 8640 24480 2374
2572 8521 24478 2384
2573 8342 24478 2429
2574 7897 24478 2470
2575 7740 24480 2411
2576 7559 24479 2417
2577 7360 24479 2439
2578 6976 24479 2468
2579 6840 24480 2493
2580 6750 24480 2488
2581 6603 24479 2493
2582 6191 24479 2510
2583 5848 24479 2489
2584 5377 24480 2504
2585 5139 24480 2524
2586 4772 24479 2534
2587 4589 24479 2574
2588 3960 24480 2642
2589 3785 24478 2723
2590 3653 24476 2736
2591 3510 24480 2775
2592 3420 24480 2801
2593 3292 24479 2856
2594 2700 24480 2986
2595 2610 24480 2985
2596 2520 24480 3005
2597 2430 24480 3039
2598 2312 24478 3033
2599 1890 24480 3064
2600 1783 24479 3077
2601 1349 24479 2998
2602 810 24479 2984
2603 720 24480 2948
2604 630 24480 2893
2605 90 24480 2561
2606 0 24480 2546
